1800
2300
1200
1000
900
900
1100
800
1300
1000
900
1400
1800
1700
1500
1500
1100
1400
1400
1100
1100
1100
1200
1200
1500
2000
1300
1400
1300
1100
1500
1300
1100
900
1800
1900
1400
1600
2200
1300
1300
1200
1400
1200
1000
1000
1100
1100
1000
1000
1100
1000
1000
1100
1100
1100
1300
1100
1200
1100
1200
1200
900
1100
1000
1000
900
1400
1000
1000
900
900
1100
1700
2100
2000
1700
1700
1900
1500
1900
1200
1500
1500
1200
1300
1200
1200
1200
1100
900
1300
1300
1200
1600
1500
1300
1200
1300
1300
35568100
1800
6600
2300
900
900
1200
800
800
800
800
800
800
800
700
800
800
800
800
700
700
800
800
700
800
700
800
1400
1300
1100
1500
2000
1600
1100
800
800
900
800
1000
800
800
1000
900
800
900
700
1100
1300
700
800
800
800
800
800
700
800
1000
800
800
1000
700
600
600
600
600
600
700
600
900
700
700
600
600
600
800
800
700
700
700
800
600
600
600
700
800
700
800
1700
1900
1300
1600
2100
1700
900
1000
800
800
800
1100
900
700
28988700
