640
4142
4230
867
3019
3391
4760
7278
1199
3107
1200
8429
8864
1845
6635
2966
4976
4277
6708
3848
7821
4145
2523
6800
574
4619
324
5568
9360
42
6607
1477
7277
4438
6309
5853
32
3444
7336
3225
2375
993
7762
1878
5238
4561
5436
9467
7105
4409
1304
9383
3455
3888
6647
8353
3007
7609
8394
8556
7011
2788
3724
2830
673
8949
8029
2481
8732
3992
8588
3094
8881
9574
6489
7818
406
5685
6137
9782
3077
2911
7230
7682
6211
4927
8272
6918
2263
5184
5999
9261
1633
5657
1707
1928
9780
4674
836
332
8466
1353
3551
840
8153
94
9504
9725
610
5938
7240
4091
2681
8526
423
6861
4140
5403
6112
3354
2068
9103
2906
7204
9081
1502
327
5206
2799
5836
5623
3221
5460
6152
9127
323
2369
2074
8280
613
5859
6628
3483
7935
7884
5374
6522
194
7577
7441
8195
8185
6191
1237
9403
5205
8410
9649
8547
6684
518
3736
4269
1193
9108
7651
9562
6659
5583
9189
2366
4308
1673
3461
3500
5844
8743
53
2300
9471
4826
3937
2506
2463
6150
3540
2482
3971
1698
7377
5497
4718
537
4729
5543
7744
3388
4460
3479
148
3127
2560
9718
4846
774
2824
4488
7184
4767
5528
5464
7652
9480
731
9584
3249
2851
123
3026
91
6092
4076
9689
8960
5763
9317
2971
9258
506
554
175
8459
2831
7238
3494
5101
284
4779
7389
4166
3166
7430
4036
2327
8795
2128
9706
7689
3496
34
465
3993
1162
7825
4563
7815
5252
625
620
7226
1051
5650
2679
2690
4309
7900
3879
4546
7753
1951
1816
7818
4853
5517
3192
30
5588
8743
8750
493
6208
2671
2823
3700
1047
1063
8225
8325
3170
8438
4911
361
7177
2500
2906
9327
2725
4135
9212
2328
132
4931
8873
624
6170
1443
3525
345
8660
8416
8698
1440
3840
2368
2867
7569
4127
7152
7644
1488
4283
3926
6718
2550
2995
4217
1740
2629
1718
3253
7103
2465
393
1214
8374
8268
5159
6360
5713
774
4556
2140
9599
630
8042
8191
408
2832
3019
2272
4484
7355
8451
5845
3827
6242
9540
6155
6296
416
8729
4657
1686
494
1270
3455
4231
275
2722
3087
7502
8210
1191
1835
1376
8259
2676
2679
790
8968
2056
3072
6916
4890
5847
8848
3390
4733
85
930
1679
2733
4973
3154
7675
2363
1548
3602
4148
2872
3579
2037
979
336
7798
4030
1437
259
7655
1826
7128
5018
7629
5360
7236
5458
7232
2173
799
1614
1802
3929
5671
310
8795
9202
4851
1231
6804
2988
4005
8398
6070
622
979
4114
8614
7767
2587
307
247
3709
3096
2681
2877
6018
5942
6805
9042
7821
3318
8778
6151
3386
4641
4065
7540
6994
5925
8427
8797
2757
1533
8491
3036
8694
4837
9289
3125
7581
4622
6062
69
7377
5062
4522
413
8026
4340
1561
8118
7957
2855
6129
2034
310
4790
3680
8185
94
5673
1306
6598
757
908
1187
1120
215
8265
5773
1684
1699
1941
8839
3749
163
2460
3329
8494
7590
9167
1184
7530
2269
7981
6955
1713
7210
3529
8745
9026
1958
6790
5422
910
7518
4552
6152
6145
5572
4965
7349
2347
3549
2314
8388
5175
1227
4467
3794
1841
514
702
3744
6296
2240
5184
3647
4763
8247
3161
4047
1713
7244
4913
3804
3461
3880
4488
2671
1720
1040
6026
1050
6029
4689
7528
4224
9073
6968
5589
8704
1950
3772
4934
652
7130
4492
6748
5273
125
2488
2424
5254
5596
5192
3
3327
3235
7762
2877
7405
432
7149
3744
1691
4911
1700
8993
3752
7263
6410
1635
5292
3256
499
2972
9304
491
665
7853
6215
6724
11
5629
7499
8801
4705
6635
1589
8897
2838
6237
373
571
5431
1217
5898
9143
9184
1440
190
1738
6743
9244
1317
4715
9133
8921
1897
1609
6778
2324
7731
5608
4557
2068
3992
1930
7797
8721
723
5940
826
3618
891
8393
8328
2524
5356
1738
5985
3902
7560
6445
799
425
2212
7521
7534
5081
5761
4820
4868
5330
7401
5462
3676
7937
2867
8290
5297
5884
188
8782
8564
7158
1491
1566
1219
4276
4316
9160
575
2771
7024
1779
9109
651
8113
7567
8624
1536
7286
6538
8855
2015
1543
6772
3814
2195
4423
1575
8222
3959
6537
6868
6244
6353
1617
740
6983
3624
8044
8840
7856
2236
180
1660
4703
4024
876
1008
3161
1023
8171
222
7198
2520
5139
1945
4827
5382
1664
5180
1289
6281
5198
7560
6437
3559
8649
1982
4284
1269
3997
6800
5764
619
3663
2507
1979
6402
4008
6343
1890
3270
7780
3624
1844
5799
4685
4316
3208
8964
3610
5180
4139
373
2451
9030
8903
791
8208
5695
3492
7863
4050
8066
8473
104
3686
7278
2070
4583
4049
7527
4341
2887
6917
7040
5706
4583
999
5980
815
4022
9161
1801
7816
9007
3051
8813
3338
787
7833
3105
1098
5154
3237
3940
3310
8361
6923
4113
5317
3340
2997
574
6492
3402
1490
3264
2793
1280
5247
8401
6027
5012
2282
1508
2849
6835
1262
484
7858
3610
3223
2908
7014
8090
5683
6466
2381
1124
7003
3940
2656
1344
2126
8846
5651
2837
1551
8852
734
1506
361
6658
7353
2516
7143
6580
6459
1521
890
5514
4039
6153
3776
6797
1415
6100
3611
8245
688
6370
5771
3006
7439
1347
7389
306
1465
2997
5137
2736
477
6013
8746
7216
4924
5811
5366
3013
6129
2372
6893
177
2424
3352
8520
6971
4228
2143
5867
4278
106
6083
2702
5977
413
7676
7401
1265
2798
1886
3371
5054
8197
1005
7978
8676
3717
3889
4698
7284
3092
6050
8116
2108
7901
228
3489
89
5279
2688
9016
4053
8100
6053
5880
3059
326
3305
4887
6539
2901
5823
481
5582
8673
802
2161
5889
3688
7790
3767
4190
1528
6120
5450
1522
5102
2621
5568
7988
6369
5028
8957
8577
1340
6679
1765
1837
4062
4910
7815
4067
4967
4697
8791
737
306
423
810
454
7366
8740
7489
