4910
3805
8555
6144
9799
9349
1616
4885
3601
8905
6002
7028
4242
117
4421
927
3928
3194
3669
6829
8210
5821
7056
6854
1288
4912
1824
4837
2784
229
7743
3313
841
6024
1039
8739
5770
7692
9416
4904
2688
5285
5015
2991
1847
4336
7778
3135
8621
3477
5495
3226
4064
5686
8107
8545
5522
4829
2092
6488
3705
7545
8625
3334
5873
3650
8285
4592
1089
5623
8576
9887
2454
6728
8654
940
8375
8334
6217
4711
6682
7596
1415
7591
6874
9143
9414
5609
5778
8449
5158
7144
5894
6588
9277
814
2069
1334
8125
1974
5263
3691
9296
2406
501
1471
8597
8807
2259
8097
8580
1931
3359
272
3333
799
1106
5905
1451
675
593
5318
835
8656
3915
1269
5141
6381
2020
8506
3250
8465
9541
3964
5751
9720
4510
9687
7402
9744
6137
9273
7404
672
1454
7439
6722
9514
52
7042
8487
9451
7769
6262
8413
3380
5668
5181
2839
4230
1290
1997
4596
1749
4440
3099
8337
3802
1461
2595
2594
2432
3396
1685
146
538
1112
3581
8495
9268
2643
6421
6599
6228
4597
9295
2923
9192
7165
1978
9138
7837
1154
4322
7370
9602
9125
1885
8096
4895
8661
1219
1592
5925
1302
1246
7387
5037
8740
3304
6929
2685
1736
9361
5007
6419
6282
640
3176
8060
2999
4999
9466
4392
768
9511
7538
645
5804
5620
8820
5373
1860
2030
3800
9641
7568
2704
2595
4140
2634
2095
9086
2722
751
3479
6937
9115
1343
2535
5986
5800
8451
3239
4222
3977
5144
3951
5344
7436
3933
6001
9066
4510
3456
4656
5702
5831
7020
4601
9509
3052
5893
9226
3113
3922
9377
9000
235
6882
1999
788
2251
4425
5533
4631
6871
6341
9499
2289
6116
6577
4288
5731
3407
2670
5878
3709
650
7639
5185
1537
3392
385
5265
7905
710
1004
241
8023
1455
9393
1791
8907
591
1550
1970
1498
2415
6399
8821
4731
3464
2515
9272
4885
9316
8306
6672
383
1917
498
8055
9145
4479
9406
8649
9218
313
4394
6353
5899
925
2511
7520
1416
7687
8482
3835
9460
4065
860
2070
8953
890
334
8175
2208
283
2118
7963
4672
4728
8526
55
1554
6069
2840
1105
8739
161
7543
4402
4050
7659
7934
437
1554
7958
4615
4950
7418
4727
7024
1386
4416
4643
5390
4788
6839
7119
9126
3873
7373
2958
2497
847
5664
9360
5122
3642
2219
3346
344
6715
555
1289
3251
4306
4407
8743
2813
2474
9453
65
318
7457
6757
4529
3095
9217
8855
106
6197
5196
624
7410
274
5841
9191
8626
4082
2889
7999
1240
4747
2984
7529
4774
4953
4430
7979
7945
7242
6969
7638
9033
4091
1135
502
1669
7618
5078
7630
6294
6248
4023
8961
6977
1896
5839
382
8105
1433
1123
4401
4748
4394
5873
9073
9507
8126
5200
4662
6282
1639
8967
2088
787
2747
8066
8652
7384
769
3917
4299
1114
6386
2188
3788
9440
8014
7176
4141
2530
5038
4591
4804
2748
7672
1980
4764
1961
5563
171
9302
3981
5613
3114
7720
2016
3857
5187
4603
5034
8538
1506
2201
7884
7664
7471
4273
1923
3989
3420
857
710
3171
4190
2241
5831
6596
2724
6348
7099
6663
3088
226
9063
8983
1886
9384
3778
4178
3407
4171
3073
180
5231
2631
1430
7422
229
8099
3944
4630
4414
6851
6686
9293
4210
5374
100
9388
2534
5388
2172
8900
1958
1040
4903
5253
4696
21
5592
5042
2124
9301
4995
9359
3798
500
3589
7879
3245
6182
5886
2194
1179
5123
8338
8959
8357
8940
6996
6064
5717
217
4201
8671
4873
2408
5449
9255
5547
8140
4462
7012
2223
2377
3902
788
1622
5150
9077
5280
922
3032
4639
1623
5205
252
3570
718
8582
4705
2413
2430
6917
7754
3861
963
8102
7144
5311
4009
7364
4672
8931
9325
7902
1203
7742
1785
6004
3478
1236
1589
8949
1497
6132
2451
6454
729
420
5646
6795
3386
218
4800
8934
5604
4822
2269
7033
22
1593
6216
8962
3538
3732
4193
7265
87
1352
5748
7816
5895
8056
9138
944
3011
8028
3949
9298
2295
5572
5267
4376
2658
8696
8612
1187
5533
489
3737
889
7764
2757
4662
4197
7154
1814
7539
7041
2745
3934
5972
2876
660
5018
4786
2645
3135
5459
6045
2500
1949
1757
5744
6048
3708
6900
380
1266
554
8145
1418
4265
1682
6812
3685
4519
4827
361
7544
671
1018
7351
6888
8841
7832
3125
2241
8412
5589
5411
120
6684
8206
1760
6650
7036
2352
4682
9027
1925
8286
8581
6725
5601
8005
2099
2788
7268
4284
2774
5379
1892
509
592
746
2237
3415
8891
8165
1350
4643
2509
3484
8435
8206
3407
5636
2641
8155
6419
3865
6879
6668
3404
4534
2794
4047
2985
3179
5040
4508
4508
10
401
7418
3136
3250
221
3912
6613
4192
905
1107
7035
5963
7343
9114
2605
1859
4789
5369
6175
3635
4479
2701
8855
8488
7465
2994
4291
7646
2940
1796
272
239
5509
8952
5110
5050
6309
5240
5988
5790
3065
7199
5543
2716
3524
2407
7711
1003
8954
5516
4496
2439
6391
2511
3987
8688
907
7505
6659
170
293
758
5054
5462
4695
3357
7287
4484
7207
5872
3474
525
5447
4559
1590
3855
1444
5040
3383
1775
2162
7028
2757
1359
2936
5687
6883
3418
6235
83
6705
8777
4950
4183
8913
7492
6247
62
6473
8994
6414
781
7877
3295
4102
4291
859
1952
579
5074
2075
196
7897
731
523
709
7724
3520
5402
5713
1582
7082
1926
3449
7038
3282
5022
2413
7831
531
3227
1158
898
8312
5160
4656
4861
5480
8247
791
6598
5411
7023
7838
3922
5572
112
3019
6931
471
6340
18
8389
4541
1152
5901
1459
3656
7110
6437
8807
7401
5099
8759
441
2625
4535
7270
5451
6450
8904
4164
8825
5990
7539
3184
8363
6189
7184
4332
3079
4827
3877
6369
7912
8443
4035
8969
4378
5588
2592
5007
671
6703
7666
2765
1286
2481
4016
5283
