2700
1700
1600
1100
1100
1100
1200
1100
1200
1000
1300
1100
1100
1400
6400
1100
17400
800
800
900
800
3700
900
800
1500
1500
1900
1000
900
800
900
1000
800
1200
1000
1000
700
800
800
7000
8000
600
700
600
500
500
800
600
500
700
800
500
600
500
500
500
1000
900
700
1100
700
1100
500
600
900
800
600
500
500
500
600
500
600
500
500
500
500
500
500
1100
500
600
900
1100
800
600
1100
800
800
800
700
700
600
800
700
700
1000
700
500
600
500
500
700
500
700
1200
600
600
600
600
900
900
900
600
1300
1000
1600
1500
1000
1300
1000
800
900
1100
1400
1100
1000
1000
1100
1300
1000
900
1900
1600
1100
1400
1200
1300
800
700
500
600
600
900
500
600
1100
900
2100
800
1400
900
700
900
1000
800
1100
800
900
800
1100
800
1000
1000
1300
800
700
500
900
1300
800
700
3100
600
800
800
700
700
500
500
600
600
900
500
400
600
700
600
1200
800
1100
900
700
900
700
1000
600
700
600
600
600
600
800
500
600
500
1000
500
600
500
700
600
500
700
500
700
500
700
700
500
700
600
1000
600
800
1100
900
900
900
600
600
900
600
600
500
600
800
500
1000
700
600
500
600
800
800
700
700
600
1000
1000
700
600
500
700
600
700
500
500
500
800
900
1100
800
800
600
500
700
700
600
1100
900
600
600
600
800
700
600
700
800
600
500
500
700
600
800
900
500
700
1100
600
500
500
600
800
800
800
600
500
500
500
500
800
500
600
500
500
1200
800
900
700
700
800
1700
600
700
1000
800
3300
700
700
600
600
500
4000
600
500
500
600
600
600
600
700
700
500
1300
800
700
700
600
600
1100
700
1000
600
700
500
1300
700
600
500
500
600
900
500
600
600
600
500
600
500
500
800
600
500
1600
500
900
500
800
700
600
500
600
700
500
600
600
600
500
900
500
1000
500
600
600
500
900
500
500
500
500
700
500
500
600
700
500
900
700
500
600
500
700
400
500
500
500
800
800
800
600
600
600
800
800
800
1200
900
1000
1000
500
400
700
500
500
600
800
800
1200
500
3000
900
700
700
600
600
600
700
600
600
600
600
500
600
500
500
600
700
700
800
2500
1200
3400
700
700
500
600
500
700
500
500
1000
700
1000
700
700
1000
500
800
600
1000
700
600
600
1100
1200
700
800
600
900
700
500
1400
800
600
500
600
700
800
700
500
500
500
700
800
800
3100
700
500
800
700
700
900
1000
800
600
500
500
900
900
500
900
800
1200
600
1200
700
500
500
600
500
500
500
800
700
500
700
700
800
700
600
900
900
1000
1000
1200
1100
1200
900
900
1200
4000
1000
1100
800
800
800
1000
800
1300
900
1100
900
600
600
600
900
600
600
700
600
700
800
800
1500
700
600
1200
900
1300
600
500
3000
600
900
800
500
500
500
500
800
700
900
500
500
500
700
600
500
800
800
700
500
600
700
800
600
700
600
500
500
400
500
500
500
600
600
500
500
600
600
500
500
600
500
500
500
700
500
500
700
500
700
1000
1200
800
600
700
600
600
500
500
500
500
500
500
500
800
500
700
600
800
500
1900
800
600
1100
700
600
900
1000
600
600
600
800
900
500
800
600
600
600
900
600
600
500
700
600
900
600
700
500
700
700
800
600
600
500
500
600
600
600
500
500
400
600
700
1200
500
700
700
800
700
600
700
600
600
600
600
700
600
500
500
700
600
600
500
700
800
800
700
600
500
500
600
800
500
800
800
1800
500
500
500
800
700
600
500
600
500
900
1000
700
900
900
800
700
900
600
1200
700
600
600
700
800
600
700
500
600
1100
500
500
2200
800
500
600
500
600
500
500
900
600
1000
500
700
2000
500
700
500
500
500
500
600
500
400
500
600
600
500
1000
400
600
500
400
500
700
600
500
600
600
600
1300
600
1200
1000
900
600
800
900
800
500
800
1300
1600
700
600
700
800
4300
700
600
900
500
400
500
400
900
600
500
1100
600
400
800
400
500
400
500
800
500
500
800
500
500
500
1000
500
900
700
700
3000
700
800
800
800
1100
600
900
600
500
800
500
500
700
700
700
600
1100
600
800
600
800
3500
700
700
700
700
500
800
1100
1100
1000
1400
900
800
1300
1000
1200
1000
1300
1300
1000
1300
1600
600
700
700
600
600
600
900
1000
1200
700
500
600
700
800
1800
800
1700
700
1100
700
700
500
1100
700
600
700
900
2100
1100
6800
600
600
600
600
600
500
700
900
500
700
600
500
900
700
2800
1000
1000
700
800
600
600
500
500
700
600
700
500
500
500
800
500
500
600
700
1000
800
500
600
600
500
500
600
800
500
700
600
500
500
600
400
700
700
600
800
1000
700
600
700
600
600
600
600
400
500
500
500
600
500
500
500
700
500
500
500
1200
500
500
700
500
800
500
500
700
500
600
500
600
800
500
