877
334
727
322
950
718
741
812
19
141
541
223
953
381
292
501
314
37
202
366
768
73
88
254
830
794
520
353
430
760
641
68
447
688
744
23
760
383
114
107
417
309
416
389
938
332
275
324
122
462
391
48
166
391
454
72
156
768
12
531
3
355
800
131
326
386
660
31
901
427
918
780
899
85
126
303
396
666
42
33
355
480
180
71
770
818
834
253
30
345
606
775
751
839
258
132
685
895
327
615
113
345
972
292
219
52
543
84
862
181
533
489
398
313
103
393
90
556
694
571
286
361
975
554
384
311
301
830
504
818
647
650
774
735
761
594
851
62
654
743
475
330
778
689
873
210
199
594
226
933
620
86
443
849
302
131
537
397
88
134
768
435
471
855
601
538
198
315
393
730
351
52
823
616
29
567
449
787
503
297
480
15
646
895
905
815
672
145
650
36
439
321
790
99
844
438
371
148
239
580
