6700
3400
2100
3400
1700
1400
1300
900
1600
1300
1400
800
800
1300
1000
1500
1500
1400
1000
1300
900
1200
1500
900
1800
1100
2400
1400
900
2300
1100
1500
900
1200
1400
1000
1900
1300
900
1200
1400
1400
900
1300
1100
1100
1100
700
1000
2000
1700
700
1400
1100
1000
900
1300
1100
1000
1000
1300
1900
1500
1500
2100
1000
1100
1800
1000
1400
1000
2100
1100
900
1200
1100
2100
1200
1100
800
1800
1700
1000
900
1200
1200
900
1000
2100
5700
1300
900
2000
1100
1900
1200
700
1100
1500
1700
800
1400
1300
1400
900
1600
800
800
1500
1000
900
1200
1500
1000
2000
1000
1300
1100
1100
1300
2400
900
1700
1100
800
1600
1500
2100
1800
1400
1100
2000
1400
1200
900
2400
1900
2500
1000
2100
1200
1000
1500
1100
1100
1400
1400
2100
1200
1800
1000
1200
1400
2000
800
1200
800
800
800
1000
1700
1100
1200
1400
800
800
700
1000
1100
700
1300
1100
1300
1300
1200
1000
900
2300
1400
700
1100
1700
2500
1700
1300
1400
1400
1200
3100
900
1200
1200
1600
1100
1000
800
1200
1100
1200
1600
1200
1200
600
1100
1500
1200
1000
900
1100
900
900
1400
800
1700
900
1800
1900
1800
1300
1600
4200
1200
700
700
1400
900
1600
700
1700
1600
1600
800
1300
900
1200
1100
1500
1100
1000
1200
1300
900
1200
1500
900
1800
700
1400
1900
2800
1800
1200
1500
800
2000
1000
1100
1700
1500
900
1400
1100
1400
1300
1500
1300
1700
1200
900
1600
1500
900
1000
1100
1200
1600
1100
800
800
2700
1700
2500
2700
1300
1600
1500
900
900
1400
800
1600
1800
1000
1300
1300
700
1200
1200
700
1300
1500
1000
700
1400
1000
1300
1300
1600
800
700
700
1200
1100
2200
2100
1200
1500
900
900
2400
1800
1500
1000
1600
1300
1200
1400
1400
1400
1200
1000
1300
1500
1400
800
800
1100
900
1100
1400
1100
1300
800
1500
900
1300
2400
1900
1900
1500
1600
900
800
1000
1200
900
800
1000
1000
1600
800
1200
1400
1500
1400
1200
1200
1400
1200
1300
800
700
1400
1400
1200
700
1200
1300
2000
1100
1700
1900
1200
1300
900
1400
2600
1700
2500
2000
1500
1400
1500
1300
900
1400
1400
1300
1200
1300
1200
1400
1500
1400
900
1100
1300
1400
1000
1400
900
1700
1300
1900
1200
2100
1000
1600
1700
1300
1300
1100
1000
1500
700
700
1000
1400
900
1200
1000
700
900
1400
1300
1200
700
800
1300
1500
1400
1200
1200
1900
2400
1300
1100
900
700
1200
2300
1000
1200
1400
1200
1200
900
900
1000
700
700
1300
1400
700
1200
700
1100
700
1300
800
1000
900
1600
800
1100
1100
2100
1300
2100
1800
1200
1100
2000
1700
1800
1700
1100
1200
800
1500
1300
1400
900
1500
1500
1900
1900
2100
900
1100
1400
1400
1400
800
1200
1500
1300
1200
1200
1000
1000
1900
1400
1600
900
1400
2300
1300
2100
800
800
1700
1000
1100
1500
800
1000
900
1000
1000
1100
800
4400
1100
1300
800
1000
1400
1000
1000
1300
2300
2300
2000
1000
1400
1100
1300
1200
800
1200
1700
1500
900
1100
1200
1200
1100
1100
1300
1200
1400
1000
1400
1000
1100
800
1100
700
900
1000
700
1300
1100
1700
2300
1400
1400
1000
1100
1800
1300
1400
1000
1100
1600
1800
1400
1200
800
1300
900
1300
900
1100
1300
1100
1300
700
1100
800
900
1600
1000
1100
1700
1200
1000
2400
2500
1100
1100
800
1600
1000
800
700
1000
900
2700
1200
1500
1100
1600
1400
1000
1300
900
600
700
1300
1500
1300
1000
600
1300
1000
600
700
1300
2100
1400
1600
1200
1100
1200
3700
4800
1500
900
1100
2400
1700
2700
2300
2400
1100
1000
7600
1400
1900
1400
1700
1100
1200
2200
2100
1900
1100
900
1300
1400
1500
1400
1300
1100
1300
1700
1100
1900
1200
1400
1400
2500
1100
1100
1500
2400
2200
1600
1100
1100
700
1600
1200
900
1400
700
1400
800
900
800
1200
800
900
800
1300
1400
900
1100
2500
1200
1600
800
1200
1000
900
900
900
1400
2200
1000
1300
800
700
800
1300
1500
1300
1000
1000
1400
1300
1200
1400
700
1500
900
1200
1000
1300
1000
1000
1200
1000
1300
900
1000
800
900
1100
700
1200
1000
1400
1300
1000
1000
1500
1200
1200
1300
1000
1000
900
1300
1200
800
1100
1300
1000
1000
1100
1200
700
1100
1000
2000
2900
2100
1100
1100
2200
1200
1700
2000
1100
2200
1600
900
3400
1900
1100
2000
1500
1500
1200
1600
1500
900
900
1000
1100
1500
1000
1500
1100
700
1300
800
800
1200
700
1200
1400
800
1200
1300
900
1200
1100
1200
700
800
1700
1000
1200
1200
1400
900
1200
1400
1100
1200
1900
1100
700
1000
1100
1600
1400
1200
1200
2600
2500
1300
2500
2000
2600
1600
1300
3100
1600
1900
1600
900
1100
1300
2400
2300
800
1200
1500
1400
700
1600
1400
1500
900
800
1200
900
900
900
1500
1400
1100
1200
1000
1100
900
1300
900
1200
800
1300
900
1000
1200
800
1400
800
1300
2200
1500
1900
1600
2700
1200
800
900
1200
900
1000
1400
900
1400
900
2600
1300
1200
800
900
1000
1300
1000
1000
1500
1000
1200
900
1400
700
800
1300
1200
1200
1800
1200
900
1500
800
800
1100
1100
1100
800
1200
900
700
1200
700
1500
1100
1400
1000
1100
600
1100
700
900
800
1200
1300
1100
1000
800
1100
1400
1500
900
800
2100
1300
1000
1100
800
1200
1000
1300
800
900
1200
900
1300
1600
1000
1100
1100
800
900
1500
1000
1400
1300
1200
1100
900
1500
1100
1100
800
1700
1500
1500
1500
1500
900
700
900
247129000
