8049
42641
40730
36493
79288
60923
92979
89090
63008
34782
63678
68634
76
12361
61500
89265
70077
69167
35734
31153
97462
77729
8975
28759
9580
28348
44725
16936
23110
5197
31069
67920
43423
92458
59387
55634
56410
76556
91252
95685
91378
5760
64026
59062
73493
29354
6462
29358
67185
48059
85884
84797
55153
39993
50391
56779
29220
83987
77678
96318
5196
25000
41723
97988
38287
66318
67177
63425
32229
77194
21435
97174
769
93226
27361
15022
22980
79481
30574
9958
53269
40037
18603
47709
37855
11258
61837
20829
37735
16293
9931
72625
81383
12844
23471
24652
73155
6943
36798
42303
44826
40273
97960
2743
50338
14265
70260
98654
89988
34680
82626
44924
8703
84540
76088
56281
81666
18610
85773
22738
50828
52683
34842
12274
46074
46696
90818
68284
18390
41033
9204
75539
78596
37685
97157
3053
31391
84040
80607
58493
91007
29398
9215
51060
61857
7461
5487
42439
10303
61717
42437
70231
47562
27559
22430
32953
71366
21156
27392
53993
29604
41120
16817
44634
82853
26074
51524
21125
30733
38132
3976
29204
91079
91127
70653
70994
16460
75414
24423
63945
27634
32202
57221
55191
59209
99636
7454
82121
80426
8171
43289
78789
26397
75633
38288
62624
76015
46617
23988
46538
59882
88067
98096
959
63015
80742
33258
68042
98714
34324
95010
36292
94096
55917
55654
36942
28428
27943
9012
89415
63950
73361
84998
86726
96214
77157
54636
66425
83195
18
68678
60400
63096
17242
37814
67613
65433
38936
40414
39313
82837
66807
74657
14779
96313
72634
20845
27304
18606
70998
1335
76771
13583
70766
10674
98783
74747
54402
85620
47808
25423
54111
15027
53203
88566
17048
27707
40855
9784
81272
65974
11433
54399
44829
18619
66227
10458
12577
84516
61681
23173
12435
55501
86164
68437
54994
37170
61188
32037
9702
65317
96546
57483
6250
15768
73679
71605
57662
69618
45157
9853
1037
56346
81160
42046
89098
68587
80084
30978
99336
76659
12437
977
87343
41120
43655
4432
9654
22421
6314
16536
31156
76863
55550
72472
50475
34353
76273
3614
77123
33320
30006
58723
52809
71983
34289
8080
55898
38951
10841
90267
7357
37365
16833
60183
11086
81332
11028
95648
3432
64973
5123
17459
21064
57655
45938
7703
49501
97255
4452
1347
48736
96776
73791
42155
60957
81381
56632
22612
15138
85111
8283
3146
97090
27304
49712
33879
50279
36893
87146
82828
10989
63872
23589
95388
911
72117
37143
76161
74794
52946
65955
71971
54196
40604
42864
12252
50955
49697
449
81667
51482
28887
32325
2668
58594
50485
43197
11281
39575
27750
43870
25915
30883
96673
18211
16015
33426
36330
54096
69787
82186
73555
11116
38213
11659
70318
27640
56192
77551
27353
91072
72300
31233
78766
80393
44187
7989
22180
76566
14893
32402
41453
71900
62512
96824
27236
90641
99013
39407
12227
8791
89739
28185
44387
1882
57379
70504
93034
65644
13216
72945
74123
19194
45435
31032
60873
15373
82454
98477
14409
9335
60875
6769
7769
3275
77244
24845
31296
56899
59213
97761
70578
34685
24966
40237
70460
94010
20697
93584
53402
32055
91565
47448
62387
54482
29538
58036
81413
71365
40576
20024
21276
49506
66091
40378
51795
46464
83558
67222
69190
24557
4397
60125
59758
17665
27452
1226
48993
6446
57695
28825
44204
64470
69798
47370
33666
82795
67278
91946
30446
92247
22428
26275
96622
69428
54443
53431
5965
59234
29300
41897
70379
60483
12314
73396
82950
30740
60438
87146
7374
46548
12557
8308
23703
28313
57928
89259
21625
23307
28959
24008
94852
92892
69269
17170
32052
79986
38916
52236
77700
72934
58164
14830
70299
85018
33137
52919
74294
40426
26526
24264
17519
83134
51395
21413
72203
37288
69734
67
385
5589
67213
96171
61725
47171
28280
65111
30696
56303
6403
49451
72479
63908
38468
10013
2927
7557
19000
55113
8507
56714
28773
91248
20608
46202
7330
11936
4209
87486
52084
63978
83909
80606
68642
22130
85628
96870
89157
88136
71125
6559
18545
58515
11041
88240
38925
1278
79980
47511
5208
43651
81100
797
17833
17470
72289
11763
78540
74541
51655
53064
43711
62735
56733
1736
715
91890
51301
31510
60531
57415
3613
67606
13619
47700
12442
37837
2420
22815
61094
42854
91101
40625
37573
5567
29960
82505
4825
70509
78569
65670
70052
55889
41632
76182
53436
6457
78718
17322
46476
85071
98341
20477
58892
84224
58003
32913
83615
29348
1806
67707
9628
36390
68866
76940
14264
60711
95944
60954
76712
73165
95144
49900
37467
77707
91412
38240
50162
35300
87662
99192
61220
2608
37755
12325
55250
32298
69660
32303
66328
92528
69096
68230
48509
83593
60884
9209
30978
6742
95611
7015
14565
47413
93311
94845
8228
85763
93464
10912
6308
27164
61144
30945
98048
12226
66307
69441
31355
33510
97934
60331
85939
34462
78340
3016
29876
70053
17862
68824
14126
44500
58017
65341
94642
85979
84627
7938
9777
96852
63053
45537
11530
21784
3781
12971
66817
72468
27982
48908
83505
41986
71381
40714
7137
20834
65733
88808
92402
12044
12183
90678
11690
23800
31291
49800
92427
92010
24741
53424
13239
92380
86156
92118
93794
55161
88681
6616
5148
46891
18783
33043
77787
24177
25200
68170
25946
58176
70916
3187
38468
42036
28873
93999
35931
93243
87715
6663
42522
67158
77686
84326
80396
36176
1457
41685
24138
46068
24354
14502
36751
36195
50358
29612
31849
34559
44314
67034
54557
15531
27573
82359
966
72976
59615
39479
7885
1821
77283
47992
54159
83483
21863
18237
42117
84799
25897
11187
98874
85390
62067
64333
35654
11068
24647
37822
22061
22104
73858
47239
10483
55043
36287
74621
9155
50580
62522
12827
52736
43233
45913
24108
90437
74789
41345
15315
2
11166
74559
90372
40573
81641
25548
9808
22365
54909
88823
77332
3051
75753
81970
29354
34562
9486
81329
79343
47526
5300
63035
2450
37241
33952
41695
66510
50063
20769
89930
33483
92636
63217
24727
57802
43714
2283
62759
34789
69922
8883
29332
50466
33538
63412
32996
81100
59913
49574
30546
80935
80134
92741
14067
34432
67823
51114
68807
97356
40481
87465
2241
72978
43085
77915
16468
53415
58466
20471
92936
69149
35159
40321
90408
62236
23055
17751
54500
24555
7012
56004
81122
87806
8476
74201
67756
63419
27582
85186
32938
20406
35567
37059
48254
27239
34180
16457
70266
97355
440
35217
35707
84879
16059
42504
23441
75592
28258
96653
21581
98342
40769
8895
74743
43078
58728
76358
74669
28199
39506
54929
68296
87573
41388
75546
28491
3399
93503
63947
39697
34249
63026
54782
72587
69123
34241
65444
15045
96688
95715
73722
21271
4276
7234
57636
28723
45916
5263
19679
59890
71315
16387
1291
32702
8426
76006
65642
97132
25474
77539
51372
16358
92887
54545
76672
35463
48776
6997
79844
53442
60339
87237
21890
40099
25886
18743
74507
47311
90799
94971
50136
93184
9630
5680
63075
88529
323
70695
40319
91002
65141
62205
14334
40053
5709
86403
25597
72675
58759
66080
93061
49565
24897
77645
75305
86386
21459
4516
81803
55750
53752
68483
46437
75869
6134
84584
45750
80387
21289
72532
96334
50240
78095
74652
72482
35364
37489
46904
1768
72697
89987
52979
80163
23629
69842
7286
987
55028
6275
82558
73925
85891
89000
81748
39611
75136
87897
33581
4923
13709
54365
42843
4729
97035
2105
41915
6439
1762
35290
52180
14277
2476
45319
11986
2309
88022
30030
79326
45141
36003
23881
31398
22837
95017
29623
33880
50700
95064
62411
68751
88124
3923
59981
41577
31910
94673
93706
37314
80807
28057
68300
92509
51672
71567
35604
12393
93716
74843
27668
28383
84962
80791
62118
56550
15950
4622
44258
83116
18510
67625
11211
62010
37430
82363
65850
1843
78816
83395
96427
19521
3414
41948
95505
54994
86805
20863
59571
72994
41784
5926
95844
16240
42678
31035
81645
50131
33025
10135
73465
21165
89204
74012
95030
44252
34876
77019
34332
96739
44051
96445
41893
72006
34701
38649
93805
36647
38176
18303
19176
7524
9640
43848
96051
72732
18405
37375
31991
23420
39002
21321
21366
21743
946
42454
65606
55520
91784
61271
76718
6510
51683
54208
78452
29804
42932
73095
96312
21584
16590
44674
66260
78436
44409
28496
94722
30773
32035
29313
71015
18899
41368
11629
85477
89461
32828
78514
38407
81270
56215
22868
34029
23109
83460
89798
43518
39662
23283
21025
24218
31331
37362
12172
37080
67791
2567
3384
66346
24356
32277
39421
52226
97663
11888
73523
36539
52504
65030
74815
17310
23796
61432
68700
16864
30288
94379
68963
68183
42597
7329
9534
17529
35895
40736
58227
83195
72303
91809
11820
89044
97228
62293
37149
45000
20673
30154
16011
16432
5045
76933
55216
20171
42856
16609
23032
72363
10880
21714
20746
85138
44383
3579
97041
3274
11426
49788
50151
31853
86495
81460
30248
30864
5413
8873
15302
45076
9930
53073
56343
36517
12005
5227
914
71487
48944
65847
3817
54299
48778
81831
33806
20571
33943
77189
40165
22039
31235
64026
13409
845
55749
63372
8171
70859
35011
18916
41537
39569
13996
98358
18656
49485
33178
10862
18089
39213
43124
54449
85951
92606
11031
72909
51663
15651
65748
90526
71322
15760
78639
71390
28221
11871
10107
94744
47252
14159
22596
40930
25440
31391
62605
56232
71424
45665
74283
73345
89709
93303
25521
53489
57889
58844
61925
34848
59994
13601
80430
95519
70207
50402
78817
82333
71489
80037
1457
34133
1265
70648
20198
76519
10982
77015
4784
38749
83047
33188
17398
82072
35607
23290
16017
85588
44587
72299
2150
12524
79373
79630
80326
7368
55716
34049
43706
14377
16935
22555
48856
3671
88581
45348
74170
93087
84487
85872
12514
36478
53793
80086
10007
31271
21965
75827
27313
32609
4394
22853
88361
79318
96012
86233
42403
72552
15030
7252
46512
32376
71106
75366
67814
77477
76375
44072
44548
46903
12753
63205
25489
41910
45583
20836
75355
8483
29438
76697
10301
94293
56578
7187
33778
37064
27869
76843
11098
14120
8524
93136
42151
38285
91734
55372
12496
61672
66727
31054
8220
60137
91379
46965
85465
899
156
69172
37232
82046
77135
42933
10098
55272
34805
56761
44427
69184
65353
20824
56942
42815
86736
28521
78992
26428
31876
63810
71315
51856
20486
56657
77766
77763
96329
59035
48400
20430
52186
72022
94139
17518
49420
60884
14971
79369
86313
20269
38084
66281
62172
72443
42032
15126
14986
79077
84428
40090
51957
60554
21878
47600
1115
55978
30927
48768
83461
73656
49477
66199
2468
89811
87226
87654
89336
80929
75701
77001
75580
94735
85463
33735
88537
41295
43215
62537
62782
42851
95008
43625
6684
93618
29330
81277
93736
82190
43863
4380
57790
72320
39100
8977
91736
74481
36790
42202
3439
31400
6741
6308
57820
10709
73567
74254
88647
60680
57358
52636
70662
83633
22198
18799
83873
22574
96130
13598
67302
30350
28755
41995
76809
90516
91147
73557
18650
17015
41297
25758
57417
87254
69761
3818
44958
4272
7258
51979
95195
82389
89296
84634
29737
13379
46622
50719
51911
20097
60370
62088
69203
13768
31863
41146
16147
73215
77296
14458
71347
58274
9170
80582
61147
94810
12254
64686
55879
35582
64952
53560
2511
2122
86016
27608
45723
60365
45577
64188
55454
35687
49522
25107
35595
63741
1717
39676
6069
69818
24001
57625
54731
11226
86814
49607
91728
58076
81869
28012
15458
6039
30302
20883
64726
1849
40932
60217
87895
68841
53785
81149
13008
25243
45046
3367
7260
35425
87159
73332
13193
44966
2047
22790
62769
85211
22545
89364
82083
13485
20601
13266
62867
14455
63432
47103
5499
64019
75249
63986
69520
94031
85397
30627
4522
61606
84729
62735
71785
24124
67259
34600
20230
36637
39021
36940
80117
8664
76092
75936
85276
86071
23309
51794
41899
85780
27461
56256
47989
36919
30889
9963
36941
88397
71280
25683
47962
49809
86025
12376
34474
66673
7833
51403
50561
72210
26490
88857
68737
29891
36529
17889
89752
51716
10059
28828
37445
59544
80617
52570
55703
78221
89124
57155
41872
45708
88066
31794
54161
53264
67711
16233
19641
2992
4285
23553
2022
7844
16605
85114
93462
42470
10323
4875
95329
41789
78122
69377
43413
93264
55537
75153
82119
11051
22285
75524
67841
39412
33932
93250
64469
34302
84769
81615
62273
64124
47551
20119
29537
39324
69207
38714
58845
32367
44748
67920
4923
65945
74025
94485
12042
47104
67650
29353
56622
5099
34768
6147
49086
96869
97441
6377
70203
89544
43288
56722
76881
71048
89513
19079
83990
62909
35278
60067
4239
11270
18288
89477
68052
39630
82235
47260
75727
26180
91738
46111
358
64088
18045
1719
49189
35854
58160
67770
96052
73577
95369
4318
97525
88869
13088
40743
78715
3069
92999
83094
27746
35585
5540
29247
73327
62792
28788
46597
13258
51532
59311
6406
10980
9479
94918
28174
71211
89914
86489
39177
17753
73754
86435
48086
63215
91180
43519
45026
90667
16809
17334
11490
48053
13637
53466
92913
57577
44507
18747
89725
92209
31170
28538
18394
14572
95534
53510
10860
19088
34583
66878
96763
30351
32396
64922
26554
87387
17131
19994
56604
24162
47256
23529
84052
80258
19742
1492
71183
18731
29484
69196
95300
20340
22119
55288
49063
406
80239
13265
96995
26219
60760
2494
54290
12266
75290
21478
2912
45252
20511
58679
35089
7054
12039
52517
67068
31467
7056
81991
50637
48866
19612
70636
32545
41115
86001
64448
91921
71652
56423
47763
49809
18376
92427
94008
39060
50820
15164
93435
13838
6526
88444
11459
79453
76231
30615
88099
17593
38805
1343
50706
95
25562
73575
29716
45601
37773
50762
28425
25180
70307
28362
35857
92871
93858
51179
20514
95124
67875
7107
53706
96773
50925
50496
32368
62389
8113
29724
38676
12092
93831
43645
97423
56153
36883
1241
30492
71031
52189
91738
96574
94133
9209
73666
25963
35536
24969
50184
63835
33686
14523
73230
47886
54420
59581
95153
38360
61259
45890
12645
79998
82373
38502
135
42067
69584
75773
46236
3277
42205
5258
63301
15636
32087
1653
64176
73203
30409
1870
84293
42178
80750
36182
77381
92556
96088
78142
30777
43651
33237
39895
93199
58604
65563
86999
89443
27671
54134
72960
5593
51791
17913
4408
205
51093
57069
95185
75336
17727
186
15969
53999
8435
79072
9947
52517
85048
36673
62242
55143
85953
46502
78627
88383
69738
65451
45786
4159
12962
67329
75723
10625
95008
86387
82987
86125
46379
63293
5652
4707
82094
8790
15256
73600
66311
41664
49838
39962
41648
25350
20136
95797
42460
41706
6362
96936
95800
47149
13257
26631
12606
63780
10342
71098
51039
74368
51921
91869
70706
1083
30424
42747
96297
49654
65129
84628
53297
87571
23038
77296
76482
65044
31185
94715
37724
81173
19547
85042
18553
70428
87927
9961
4118
72595
37350
64986
39847
78484
77940
78527
52192
97065
64727
12303
86438
60265
96398
17028
94455
39420
37863
24671
82839
88387
86160
24905
68650
61412
70377
35398
20786
86253
55412
24825
93700
20579
3429
71632
71702
49655
35037
25532
89698
72692
35814
93988
33380
97273
97245
55031
78186
69775
1357
6745
56676
47870
90149
7939
43162
79033
87832
41520
24108
23723
92513
56876
11962
11878
3852
39994
79439
43468
23602
59985
87526
25865
71064
9784
71259
60432
71290
87715
45170
21200
85303
44269
38042
48374
4948
95492
91939
10626
97481
43730
79343
36916
84222
90444
39652
41874
94192
21597
19336
84404
52143
81336
6026
69075
143
52572
96020
14826
79819
35225
52727
92723
35024
78873
56884
74087
17529
96936
53817
40314
79001
14172
24348
7334
17969
18177
11256
53338
72889
52132
30990
78174
18802
80860
58243
75974
17998
48056
75852
66616
90970
31757
42498
28780
2859
8592
43531
8488
35118
27343
64528
41325
32956
87696
32904
57161
3862
51725
26966
18546
45139
68485
17053
22919
45549
37083
78602
34598
48778
15928
6809
5230
79337
15252
96990
63296
79226
45793
79611
58674
13886
52531
33779
74919
96799
18449
56207
4394
48772
10788
71049
58574
42973
7653
83120
19267
94431
35879
31422
2711
78893
33826
4033
95016
71648
1670
88034
2081
16219
84227
55029
14476
10049
18528
94750
66924
83621
25091
24574
22337
46872
25339
71663
42146
83810
73907
14256
96625
35622
3501
78300
91502
34030
37494
64350
19357
19822
15586
22701
38165
62213
84861
36344
27264
17875
23644
18566
95345
57804
33361
21089
73158
23389
15824
46944
39074
53595
78510
16021
35250
85117
11965
76200
6365
68802
29665
28636
90958
1087
45677
79312
49487
10463
12191
91449
70368
26960
38142
32136
64641
87771
6336
77453
91816
32014
96923
25432
76099
91682
84527
66951
84950
59990
84014
14228
4258
55404
67559
59086
9379
52857
77285
20792
24403
35841
12452
47959
4768
19029
48422
50370
30655
21984
64771
20538
2640
42293
58012
80097
84152
79699
43713
21278
39028
69021
57759
68247
89664
28298
27569
29414
85183
38861
48604
34217
49238
81613
95807
36327
81273
16992
37732
96229
25777
68643
11161
75430
95293
91438
21657
83036
84180
23067
32775
71678
60094
95018
93313
17337
18483
22968
28632
28482
68559
8605
62797
21606
93194
78211
67667
12321
81831
21649
46505
58076
84578
36339
18208
85548
11773
44087
32108
26347
58093
58145
81339
7874
88913
96876
5077
56419
1631
8692
80651
36937
70330
45593
71248
14747
95957
5225
34789
84003
19574
79321
71126
71630
12543
14097
85647
78164
50125
89160
93882
68478
90103
2002
9854
65849
14500
8982
43609
54350
17968
58127
21329
18688
65169
48791
62383
50926
12394
10898
54582
65980
86793
93504
75125
47242
80426
10152
25097
72780
33592
82814
65335
7361
16484
23872
61093
15368
43589
29187
80214
14586
29707
5893
10990
96463
77196
36236
21220
59204
59004
33814
61578
6647
45093
34513
28373
5160
82393
64414
76958
73020
27264
53834
2975
11104
32137
48455
32722
91070
30524
4180
53248
4316
52258
65454
33207
45326
31650
84093
56643
13150
72498
61694
8952
72553
62325
40864
89986
74398
89534
72668
66735
10794
52074
64496
13111
32417
56891
87102
17978
23732
73571
93816
90157
89726
37307
40177
18021
24709
92297
41389
44926
34656
66861
21687
63339
78521
25111
47819
87908
37284
44223
36551
57054
16396
11209
23594
77192
19895
3213
71553
64905
15488
52820
11644
73071
69502
88657
5022
26490
56762
87242
94936
46349
37457
47714
25232
74603
44155
48976
17353
79592
31600
15087
59982
45906
64023
59198
66751
23452
18316
39123
16865
53448
56078
3387
87934
11125
52884
78816
46004
5273
13175
45844
9512
70679
90120
42230
70540
54998
31813
6819
80242
80544
74652
43859
27531
90639
56261
53297
54424
21580
748
23169
3971
84801
32206
21874
72258
53799
25714
24245
91407
5884
26371
53477
79121
30684
46012
79611
918
95371
17886
38958
3076
60075
3670
2069
55631
62187
11631
49646
20864
21046
26684
60555
75772
20914
61667
89191
7707
17422
11763
89130
83796
8128
96502
93758
51243
93114
32768
51623
42000
994
40688
62106
76039
63928
48133
96875
86815
7307
76416
78616
13488
25721
84588
69574
50007
10062
89788
82602
71079
36937
13804
2357
11607
37909
92219
50142
7431
7304
14013
14061
8812
95144
21057
1590
58853
20751
22858
43479
3899
79323
29163
88127
9389
58051
89163
60676
18556
96731
4602
88540
46638
52455
38026
30984
20359
63902
85888
34346
21484
13325
89404
19873
78629
79750
78624
85939
74173
14048
60732
47303
39516
78164
88992
38837
31617
20143
71068
56827
73975
58173
79651
24157
52831
53011
51941
48961
61560
81888
53642
62046
62003
30911
47957
80440
37433
69226
28294
50113
76596
70574
35606
31606
26496
21408
81266
43564
1282
34762
26026
45406
47461
16283
61027
61341
49048
21273
28386
36051
36140
19369
9835
15681
84673
46833
26809
7748
4137
45467
9518
20927
4211
5345
40487
51248
85687
65977
11871
72252
45784
33214
4442
60033
95880
6348
1682
1743
92088
31380
35673
21627
67754
18100
81563
38156
74335
14953
96790
64139
47570
54528
28028
30659
95685
76823
72175
31105
75196
92431
27973
48123
69425
33063
90610
65400
66115
63822
62665
44592
31139
64774
64652
46083
71102
88508
991
79267
28366
2968
79800
91424
85308
16132
26137
21386
836
18590
84436
77350
49084
27609
79149
3683
18268
45579
20178
82648
38561
3699
51338
83204
92787
96757
10579
74945
66858
39890
60780
63937
89335
28804
69449
78391
1746
82090
49195
16635
32876
25378
69347
44898
55341
83519
54042
50961
94889
28606
44880
93235
28893
46636
54695
36862
21266
62305
85908
32655
91534
67553
67768
82175
36871
89728
87508
55924
49528
10541
68740
83432
14004
22885
87627
35976
90154
22196
23680
16592
84158
38857
62558
5631
49183
10749
42780
75115
68967
71779
11256
38179
44301
74473
47881
46737
75598
33717
37139
36027
59438
51154
26472
3905
50152
85636
66078
30622
89681
60403
7150
34925
27346
9044
9633
18415
80294
13990
21907
53034
94456
79827
46810
94456
17946
74855
92156
31510
44045
73879
63352
9344
79915
61867
28785
15084
11418
39963
56269
48287
53294
42757
49484
41199
96272
66951
51641
84791
6793
19996
38247
56540
81206
84011
10742
72450
86083
47614
88037
46119
47405
4024
80616
57976
9185
28951
11148
22727
39056
80698
85785
35728
53009
12566
28359
33740
68179
11686
57718
53899
29423
11069
78142
64125
42792
36557
74160
4942
34188
67939
29890
65796
27877
50823
61882
19574
83332
10399
56236
80306
7004
68959
9733
80003
83435
59431
21975
67878
22594
68790
84585
76991
53362
67084
50092
52533
3656
14569
94776
24022
84029
69577
54977
65876
62361
60837
3984
53678
35598
50322
23864
61287
17546
12778
960
32158
5974
83053
37279
61857
56904
5171
960
50472
15539
48855
85612
51731
71126
47902
69315
77184
95547
83979
59654
93900
59559
13500
64308
88772
88126
85685
22761
94344
39117
24982
57518
21275
17538
86997
7551
94731
38880
23049
11724
44216
14415
44277
51186
47760
14492
10276
20988
463
95092
15946
60397
37052
5463
48585
59214
88460
25334
91806
52022
20537
51147
92751
39156
86152
47892
628
10383
65809
28540
87060
25382
53989
7986
40939
49629
72515
22751
80669
81023
47310
72695
5772
30063
18619
27267
58288
29101
80058
87830
37500
73585
84168
30543
55915
87386
83384
1102
20091
1935
70462
49062
60046
32320
17538
20827
70629
47141
76685
51447
19911
80290
12716
24825
64534
40327
88622
93662
46388
3872
28003
36878
58000
85001
45074
90851
94848
77501
37983
22122
71199
51621
57424
8593
23332
24910
62627
20686
19602
22909
63682
59077
57292
13099
94562
37591
17077
47012
81836
58459
40639
60194
15177
32608
71977
50035
13050
44910
41064
5992
70314
8023
43748
82838
25236
92898
61701
40931
48188
35077
56065
37916
53925
86711
79554
70808
15557
92119
20203
55614
89262
64976
72374
2286
23714
56986
87266
4954
56438
4174
66609
36718
73779
58933
23287
23511
1822
27062
18615
19972
33858
7175
31741
79371
76403
60876
72175
50957
40434
89957
79063
54858
600
20645
82742
72701
38641
54051
84305
43715
34047
93130
59120
7449
83528
32567
52199
84986
59797
36056
47865
7780
76295
1558
35919
75152
25608
18404
68512
68626
92196
15301
31328
40721
36914
47099
44835
71763
62650
66765
12157
68676
22469
24229
21629
70147
77044
71448
85852
26642
54310
24284
41944
90054
58273
41960
41480
7398
14732
78753
93137
50397
70990
36331
68991
54289
9531
15153
56729
25874
57330
59183
61965
48258
14159
26890
5644
29857
32283
9159
64209
89394
87444
36924
50194
66436
27747
4284
2217
17913
89114
91788
33452
43105
3758
59555
75635
35509
86772
81729
70975
87788
67723
1003
31894
52216
54546
32310
5825
65283
65049
58249
31448
45700
33852
7335
58790
6746
61857
64158
77208
85916
90530
26049
84432
68372
3168
95998
6153
8114
9160
49586
5
3513
20027
44068
86193
721
61621
25460
22294
47472
27090
37863
27877
93363
93862
5949
77372
11080
8143
5267
59346
42497
17498
33100
61020
15004
61790
95447
30064
38669
95701
2839
10055
5042
36581
59539
4776
23070
16674
22958
18684
10174
59106
25264
69147
49244
91390
85945
93899
95744
60897
21315
70446
11796
27912
94485
5712
80477
67862
60686
12510
90186
74444
53773
40641
64676
74652
82816
23836
17959
83042
6000
50537
74234
48574
74460
39579
70019
45083
64891
18336
19941
78348
71610
33030
89477
29032
61539
37439
92343
41394
8130
86068
53727
10676
70105
69891
46754
53991
89110
44066
95467
1088
10733
18919
85895
33641
27572
21295
86683
12714
32020
22228
9195
37379
71985
32015
54359
72868
70480
31407
78788
52392
20903
29369
68829
20979
36854
36417
24326
67927
42571
2239
23450
16574
17866
50764
64198
39943
26
17661
45545
20826
37731
45579
57109
61593
88268
48421
13711
80690
35342
80059
79324
94307
13736
78998
3089
42830
20563
7439
39210
32737
40968
1534
23340
83857
26541
81416
89408
41236
86773
27953
74118
62064
10963
86656
20800
52708
80758
23001
54723
95634
67679
42329
80250
279
53972
30814
17837
13312
30081
16034
1859
67546
74870
83699
71668
3252
45580
71190
66640
74892
61342
8814
26591
43960
54370
64825
18478
34392
7315
56973
41231
87462
37370
52532
27477
50376
20208
26753
94913
3478
84200
91946
75226
27476
23925
4293
20009
94649
29870
94774
27987
87403
73017
82959
42304
82801
17299
42874
71325
95335
34934
56979
65068
85368
36381
24803
91558
15147
35416
72118
16079
49164
66998
31887
2743
39365
83895
83657
21726
91641
16872
47742
10903
91534
94754
25830
93508
7240
68039
71785
87929
7526
60846
11592
9379
69256
81474
88706
72536
18090
34924
61708
28466
11941
4993
13536
76752
28192
85867
85812
3897
29447
31953
55878
73103
54815
5829
599
75397
22397
3901
36074
55772
84010
46074
29612
40115
58732
41393
77799
73835
12739
79477
57744
26704
18554
67084
62747
2070
67977
5688
2649
42827
36413
73863
31342
25377
2932
17163
90792
63876
50440
17661
6304
93620
76710
69605
43851
9690
55057
67997
16185
16413
93201
44041
18743
52758
40707
25087
55049
66280
46741
4588
22359
88623
10828
93944
19257
47676
51232
71243
93638
3952
74496
40072
39213
48325
38477
41905
81656
28084
48918
72489
84144
92612
54552
82342
80113
36883
36608
80974
85122
52124
36534
47596
77487
62468
21787
88264
60111
94376
15119
49987
89740
19003
18541
14827
79473
80862
94806
42707
87192
40509
59685
48123
81367
25332
47932
44579
83065
63516
87172
48302
51907
43526
83858
60145
23635
60779
37879
45455
12082
13430
9718
5337
61956
64893
7221
95447
74336
94554
90610
11702
29983
91470
95063
14150
7018
67904
8034
41769
50362
85704
18059
18740
78121
19137
36444
79251
92940
24897
40128
49947
42752
9071
42095
91146
39036
76419
70498
19115
69802
14984
61494
73162
58589
665
29740
31324
5261
91000
4036
24496
57981
17611
95711
34957
30032
82101
88264
48868
18237
93248
74941
39386
58467
36747
67008
89411
49383
68950
34532
19642
41644
20574
11575
50188
27155
7818
87007
37841
27764
73570
72160
29958
92701
63757
72962
37127
34869
33112
28074
4448
42824
21509
64143
93232
79489
20539
34404
70473
8093
64735
5061
25604
2928
51825
46887
25329
70691
45383
60181
30607
1442
4446
71745
91152
80053
78339
8044
41539
60661
53655
1238
51241
81916
37277
64662
64752
75842
306
69798
81127
83097
3087
32087
3635
10694
94316
42236
1332
43947
6323
3849
10423
93166
23967
4747
46109
72259
61967
72559
67584
58690
9819
65840
58310
54455
37015
33069
78469
27343
10859
17261
62874
17944
46928
17094
32147
58738
18732
74633
49171
17884
14373
56916
92829
16508
53024
1354
6924
67854
33380
63201
69538
58704
69171
61965
8184
74927
30654
84785
32589
71534
39995
69466
1147
68638
4000
30660
36035
54786
1348
16162
68554
23446
70777
902
80947
34062
84997
7522
21586
9369
1992
25226
91145
34156
28121
61056
41349
84921
84526
6210
218
2059
12022
92082
65171
75360
35044
52111
11204
21942
47846
71324
65966
14836
84211
30807
92913
6122
90329
28136
54384
2428
4614
61267
37673
10588
91180
84797
52427
58136
17286
80707
82078
59321
60542
32002
77770
52723
3235
2427
58557
47773
94911
17289
11790
34920
61318
33902
91694
72542
49922
75990
42671
84495
93035
33060
21869
68615
4011
70040
50553
22238
20478
86525
70126
5658
57766
93292
86481
58648
49232
85721
94206
62493
33555
56799
14151
93017
78086
47736
92138
37023
49046
8490
59243
77799
14428
60665
21239
57883
78638
62677
68834
12310
18503
5816
41822
95332
46861
81878
6824
77368
89468
34613
87216
87414
87098
60433
245
69296
1234
23408
73265
63791
39181
29119
46123
31758
62475
54189
57256
67818
57213
13816
42637
57129
63600
76579
16194
76019
29736
51259
63437
27062
47957
30163
57144
75578
86694
66226
48310
44311
56407
92555
35779
65056
90050
6681
12619
8593
4718
83385
29812
24152
17285
60662
71835
5020
45753
52487
57742
78559
37328
92680
79668
42722
25652
57654
25255
43879
3878
54233
66747
90963
47724
61469
48631
76006
65923
47165
84241
8453
38154
62373
27349
38344
76896
28033
68710
3292
70769
1744
18643
83680
91220
24471
70711
80193
25490
54527
51384
47564
32853
57495
79351
36193
10563
69929
92386
69147
8995
68629
27885
35382
65238
76656
91497
23472
42399
82991
38207
37252
46416
76201
50361
42674
33100
89261
5101
55993
3620
52446
25762
63741
49576
79361
38681
87364
76325
12129
79513
11390
19469
20975
38472
71357
35566
16291
88843
93229
7410
78531
15297
41554
501
43271
14870
14742
84869
9783
46091
9746
2940
55206
51182
21436
49410
84236
32038
52111
20230
94202
6640
17883
11219
90349
11510
20936
50261
39213
78610
6990
29274
93153
60176
24519
89874
40729
31407
32290
59627
38200
80649
14814
76769
94040
1089
76355
14027
54826
90185
87153
5478
55539
11097
79526
53591
1645
75101
74735
75060
21467
78541
51634
2922
8798
92200
60274
42260
65885
47557
31248
67254
53188
61489
45954
91114
12975
15727
26516
4065
74641
79434
72985
6404
58302
20997
68669
21514
946
94274
26141
18007
15589
9302
43263
1414
82092
75567
50666
33247
36289
65415
26694
92377
82743
75997
6091
10195
62812
65882
89018
59036
79092
84113
15129
51103
87703
45142
60200
62775
14296
67981
44459
65520
4275
85219
81928
40934
67313
14807
59202
85497
63169
53975
60348
53256
74549
34894
49816
74751
58879
30016
74297
42092
7880
56771
22596
94022
50052
55560
91016
20423
77316
37404
34267
36539
78188
89165
7281
3664
90031
15456
88117
24990
75202
91201
90767
89582
6571
13180
62002
83482
5568
27860
8101
23223
79487
53360
79843
53887
92471
44875
53687
87366
64480
26684
91799
32840
71825
58909
45800
45699
31980
45724
61239
22718
40460
87413
54085
48329
3331
70175
73926
66269
27006
63694
7544
557
70062
80052
80971
57192
16721
62070
88861
74887
10298
86915
24209
22550
60029
1734
27787
92140
42859
77537
17545
74052
84199
74719
49348
72392
46227
84865
77483
49464
84642
90407
83876
45642
24682
42070
88518
54258
46625
9738
57874
53876
1821
12001
44875
3188
27505
63198
22676
32532
59505
76754
75352
94310
44726
53914
26474
75770
37686
35765
87161
61793
77703
49140
19406
65430
46278
54643
86877
16142
10348
61319
58816
65057
24781
50193
32077
7372
19953
80891
9020
84249
61840
19072
86304
70994
86838
67299
62057
15717
40736
73768
36663
67646
7142
38637
13330
52654
92118
30037
5194
12408
29525
39301
67889
62631
73742
41121
69512
86340
14445
32411
80241
64813
55262
1455
60021
40908
15270
17024
56304
51000
16005
39198
18966
81361
34435
24103
7163
54151
47598
73093
45631
52078
59298
56966
67048
17053
77060
149
63176
89813
17252
9758
89453
3229
21261
69588
89218
7515
5339
33792
60081
5099
89521
88215
88505
69550
20001
93343
85026
30790
3554
7332
50340
53374
20177
31918
9089
5037
49956
62634
44802
47288
61246
26186
46644
8301
49235
8765
89921
63321
72533
29866
43971
83630
32257
51719
26633
47686
86133
14063
81820
2370
73447
37312
31074
7805
16054
23309
68458
71570
45112
85481
68189
66562
83485
90292
75280
91852
83107
58827
74375
11655
36595
84871
22339
67862
45616
60135
36378
25564
57815
48340
31152
52266
57455
92099
69515
6748
20679
65069
30225
38484
58622
7588
34146
43631
36883
79733
85748
37106
43729
91564
30287
89643
51178
21366
48022
42645
58057
40433
49161
1193
53526
24756
63642
2586
23824
7030
37230
40514
24430
32820
25718
20061
63953
34701
22394
79910
75933
35951
6816
67555
54578
48314
5613
8892
87798
27428
35364
42713
37482
34550
8079
21422
28799
44119
995
61219
94557
42175
67977
67777
187
63806
1370
8720
44349
61722
83938
34387
40102
66893
55150
83042
5064
15867
30142
82114
27371
58940
90810
79337
8919
12350
68127
45363
80570
80465
79177
55874
60330
49216
42650
16086
41927
13760
52751
90554
5958
44476
56004
92260
46691
2621
27192
60823
27577
20786
11700
40532
44440
83856
36406
10055
39682
75051
61890
26321
8291
85292
27718
30862
19979
87256
39364
45140
69550
75814
50683
15450
75441
45867
4705
28520
80860
64233
45884
90900
46728
52051
63015
86400
30525
57369
8863
55427
79952
71565
80921
69839
50053
70926
85923
75246
34325
10652
39717
76359
25036
68122
66850
47691
39488
22333
21142
23130
59884
37615
59386
76865
82217
1415
58851
3481
13740
69529
8320
48810
57142
37707
43908
64937
44556
64289
62275
13747
7898
41865
9638
10277
2092
642
4358
3798
40625
60225
47735
72339
2988
42880
69182
45676
25776
90325
12894
2010
40783
91087
86117
43932
42015
64656
48404
56118
93182
56347
85584
49848
65104
18989
23927
42550
82743
10614
68179
83237
51943
92567
45084
39130
35948
55470
93761
91594
43329
45482
45035
73243
35003
45554
32501
34062
77199
89802
71416
36841
2905
77614
22519
15253
58346
7719
21904
77812
24580
69812
74848
64747
71078
89738
90008
3783
19803
58947
24871
70459
92480
80965
12798
90409
8407
48872
59681
70938
75738
61371
88312
53277
14393
83429
55022
92205
8604
38638
66617
31240
17509
62104
44779
14684
18178
83013
71943
80278
30486
77496
17230
32113
71042
75052
63494
30284
65212
49560
91057
77705
37716
62455
38500
24909
42575
61193
40654
88343
38874
10417
88949
86042
76447
26924
1014
72193
88463
39789
25484
62751
86420
44568
17009
8139
49818
24630
36084
93665
58894
47058
57907
15478
92169
91462
68783
67832
65011
87065
51293
76027
85016
41349
69142
93141
53317
2651
63856
61561
85314
47086
94124
76452
471
94260
82090
75830
73228
92650
2739
55375
72628
54686
64156
58630
43934
39241
53485
36162
101
53333
57496
46840
76555
1492
89117
56476
45249
29424
47402
42604
53509
66740
3863
45758
89709
80336
13011
33531
89324
13579
78334
42688
22423
52767
35409
17818
19430
10300
11601
80037
38580
94131
93408
7903
64133
44733
80337
79964
86224
88494
7152
2606
93486
39355
87280
2490
53142
27357
84916
78979
8686
82750
49517
31679
91210
14221
41588
56231
58309
36682
14518
40378
82029
82138
18121
92203
52700
24910
20287
28954
78701
16648
11469
80474
55504
74464
17790
44929
8100
72373
66427
57719
63846
78800
63201
79736
40307
68588
9362
13610
79303
33863
47762
42839
65776
49998
66745
93934
93891
29001
86501
46965
84733
36778
6521
93529
14975
57049
82372
55564
1444
93954
16100
75217
81161
77669
91667
45940
3432
56909
36455
69212
91496
48
90580
47916
48024
69888
34773
73345
87726
67206
39576
62719
63152
75632
72880
58136
24063
33142
89131
1047
57933
57397
82727
50485
23801
32278
44298
10305
23917
47933
63576
91603
84868
50471
53330
86432
62294
11204
1321
58603
56561
89333
23320
85727
58690
32870
51521
18710
56677
83218
88222
65062
18365
84512
43917
32800
14444
68903
19161
49662
84136
84241
55239
42323
27688
38040
51416
91326
41565
58510
69321
42621
57697
31805
91473
83280
48738
67843
39434
65677
48747
54295
25998
67015
92325
77131
16510
79628
8885
24866
75786
49614
63122
18154
91733
38989
51950
3506
1578
22880
3303
46847
43849
43294
75600
86970
77225
82394
68868
60623
58342
37689
14359
67334
70477
64194
55481
4377
86904
38664
58328
45784
9122
63516
26370
22866
91529
27148
7692
46660
87682
79538
46013
18196
30653
17469
68500
15175
3508
14394
27226
62874
50826
46815
73100
61547
44290
21
77592
81999
54257
57462
63658
71642
23732
81670
6338
51768
61579
12197
32869
71772
43757
89518
88218
84738
62253
52619
36160
17250
82879
35536
59598
37455
74745
73349
91982
52989
90052
17270
35855
51911
45725
64043
59725
6848
56647
19007
37867
37542
26097
67057
81333
56446
65883
3495
63088
23114
12001
71935
45288
61955
47676
40565
72921
89107
58760
9045
88929
18866
50421
22193
47209
63530
51009
68896
57095
18773
64372
5093
49425
11165
45420
5427
79856
86659
37897
45936
86576
48938
22494
16507
68416
20763
12070
24467
75886
49059
52359
15684
42369
25634
54126
18254
16403
67889
46857
70864
91930
75050
6983
74479
43779
13163
8944
22472
10643
30289
45800
27107
64821
47204
50820
52342
35260
14661
36218
30536
55754
87452
36843
4591
40683
62343
4093
79773
48377
41493
45215
3125
21036
55997
90739
64301
6342
31490
33423
17396
50536
60239
675
75062
72985
48103
70603
84793
64017
52500
14627
60148
24441
19903
3120
28382
21378
27579
26579
92089
66531
8526
4927
61169
56720
26498
85107
42572
1901
3010
70177
30128
80117
84483
46903
43307
9277
63936
23303
116
39026
80245
58741
51545
92562
78306
7808
6968
53945
65726
67226
12001
83692
46105
87449
22976
85819
315
72284
74913
83113
82038
59866
67118
49101
70447
87314
70140
44680
25621
82790
66659
9170
18685
4711
73994
62198
912
5299
14426
54158
55011
87778
47846
4964
62035
31986
70076
73615
42425
65199
66357
34026
17762
48588
41023
18716
19129
3435
47444
3308
6260
89317
76129
71847
64651
20205
53684
70533
15409
60156
69869
76517
87932
30792
36984
72237
16031
88718
33449
20258
67079
2828
77974
48948
16105
19605
33918
92374
83475
90949
8285
61798
43004
83020
41598
61796
47454
62393
22012
52514
14106
32651
42725
66640
67380
88416
16966
31901
12421
19497
50655
12678
62673
23042
50801
59506
80175
80466
69138
19104
3265
50417
24626
61877
19289
28349
7041
79870
51380
31969
16333
44902
73340
48277
40983
21604
35972
32147
9426
53565
1089
37315
81561
25809
5935
35249
88241
59705
76276
49487
19445
39476
57492
81852
4978
36178
28443
70126
80275
73959
21882
88190
92790
65836
88033
42903
66663
53782
23718
53169
52068
35200
70859
54314
65908
66582
17256
42497
78205
33508
12323
25274
41304
87832
44958
22962
84900
905
3594
25072
25716
47381
26478
75702
11691
64478
90300
22068
607
70737
64783
29830
47832
3255
43427
3597
54061
36761
86853
54078
17878
12372
6922
77306
90280
87751
76948
27060
19345
3089
42475
82149
33027
92219
37934
67610
86903
64114
38639
10539
27098
68313
87730
28161
22099
1726
32893
43912
31625
42959
50180
6360
6560
16889
24899
48768
1808
17517
76362
92487
2939
54095
40130
13338
64264
91532
40134
40956
27447
16896
23768
72856
66551
75698
82725
65852
32360
18968
84425
77869
36346
48330
34703
59088
53898
69006
28560
60594
27499
24142
20388
10258
20335
86719
46502
59554
38686
39326
11798
59582
89937
53225
18680
3166
54342
50000
85315
24948
73020
84950
78507
16824
23551
1440
38493
62474
46142
14256
63153
69013
24916
42590
22240
91614
46686
6928
71893
14287
52976
26309
35001
53869
14921
12453
44445
23771
70183
84767
34639
77109
11105
5504
89567
62863
56631
13940
22804
43561
5803
64791
19791
92633
84450
38906
5816
32623
25345
91083
11075
88757
73075
24691
93211
55343
13560
80156
78330
68135
55349
73820
44067
22140
5869
29233
19493
80406
49459
83946
65897
89436
11675
92382
14348
68178
80320
13124
23753
71612
506
47792
81967
85747
63581
72478
32682
11271
83025
14057
89368
42306
21643
6585
78625
39136
44801
73518
79890
67853
612
17366
77215
66669
10611
54926
43765
9797
80776
24170
55148
32998
85914
4450
38524
86995
88815
27736
13856
30715
53836
66597
17494
63341
54803
67180
91386
45987
10613
61823
88973
66935
15039
75980
15064
71607
29150
81683
26627
67466
18758
65471
89048
66742
82882
77734
87643
83563
24073
33783
41096
66632
338
52815
64506
46450
50141
75656
37065
85892
59713
9939
80296
53166
1312
8752
33783
85348
4716
49904
46486
1653
12727
50055
88608
21363
63673
1344
78543
25793
46967
62830
20457
83705
36343
82029
69191
29231
3219
62402
57671
39306
80652
8523
36709
47546
36027
3527
56952
27278
34961
5098
81222
24620
2208
56030
53634
49148
55383
32635
47435
5777
64532
60977
54404
54512
14268
1212
22517
36582
1532
5212
86205
12738
52328
29367
14301
12642
51483
20324
93158
49844
79204
6713
43581
73261
80635
17681
14925
19500
5262
84324
56862
63974
63008
93397
56074
70532
26339
54359
27323
85491
56945
483
5717
7875
63247
15022
83271
5808
42249
32139
38005
32699
92151
28924
22322
47748
23994
23442
40246
20973
45896
83399
14065
52674
61368
64108
36922
20948
12322
44716
88320
88309
58841
24716
40498
10681
42945
15965
36067
78172
78616
40544
73528
56057
41134
59628
81158
36175
6984
35359
71624
92136
53585
46975
12533
4316
67350
81868
3106
84271
51844
84760
6706
68756
74285
73394
10780
62053
22012
46164
62396
72818
31464
63863
48826
48266
25064
49477
80352
39555
9525
61131
40662
43350
51490
73917
73153
45093
73492
27975
45229
61034
23194
55294
43100
30246
61371
76801
1804
10709
93047
90366
66550
47098
20557
51684
85445
84946
25039
64774
25431
80700
13197
65386
24932
53795
83466
61237
59331
42350
24214
64787
39893
1667
41443
72683
9087
72335
58206
36485
91169
23663
85542
73348
70727
79268
14982
89260
59728
21196
32866
93204
57124
72568
82601
62136
61359
6066
26926
82590
3983
52968
703
28516
79834
20483
83821
48367
65099
35599
58691
76618
20288
60332
9133
90713
28816
51470
50626
70161
83777
10313
23328
68791
92716
52173
53671
5169
29709
93266
37905
50609
13575
22781
88737
32940
51680
3280
56033
32526
85660
11080
17245
50972
74754
78551
60588
66127
18485
82379
43484
19801
36605
67891
35017
47914
35445
59162
45742
64546
73180
50018
66071
8845
38136
51230
25742
33376
60371
3416
4612
43923
85845
6158
73507
26464
37540
77130
6122
34955
68986
32167
30914
21815
4821
18076
12721
68586
16140
11875
47733
15437
38411
91077
78278
65575
92987
62403
64283
70837
57551
63875
67464
9991
1803
87520
18662
20785
71636
66412
20385
44284
48142
58020
54577
24991
61735
28262
4313
78439
36754
71614
20188
91088
19826
3024
19889
48971
54397
15672
35344
13085
91334
58071
65739
74497
14030
30518
32604
49907
29508
584
33900
66668
37175
6736
1375
67446
51340
91524
9484
13364
38932
57137
44600
1142
36472
19700
67649
31137
47731
3992
2
45422
74973
3949
865
45454
50485
6376
17543
16146
76139
10173
31806
38152
62755
84221
3131
62830
92695
65359
67850
58966
1798
54960
63190
74795
1289
40169
92494
68520
71337
19747
31401
57723
87375
26263
31783
37294
7207
77259
7503
68050
18342
61154
45200
38811
14173
79114
5518
749
10876
75521
67158
84824
66670
83556
52331
60788
90548
49818
50374
14317
62870
48946
45084
48569
77506
27604
18110
36668
13368
15746
10811
25471
49488
79126
92130
69603
60341
3579
62677
65813
89854
23414
63501
78319
57273
87779
62928
89099
1534
65134
21179
90235
65295
61084
72740
6298
83844
3191
78526
42957
32659
32135
15202
41894
75318
38571
15186
13193
41221
11040
56136
84444
86349
2023
86584
4711
76306
92156
50611
42310
90801
1164
66828
19319
86384
43303
50216
29139
74306
1283
81490
58989
87579
12997
12960
56697
61538
57740
14737
88960
61121
34983
22993
1013
22504
51944
18482
40272
49917
921
33531
69143
31480
47849
90583
34773
9416
1577
66388
24217
45271
33827
76643
78151
55843
44850
87387
24822
42706
42300
82128
6518
35223
39942
8681
70725
74019
40157
9949
41529
69436
776
71968
76372
83312
58457
48158
24445
11593
56163
25066
56607
67917
78169
89615
1812
17267
79433
38976
14440
17890
52152
82725
22128
19903
22484
36155
18126
33969
73697
19909
28639
16104
79001
91533
39392
51700
7319
82501
65094
53362
82233
3821
15193
69206
76932
39421
76036
40314
52428
73714
8067
49008
14085
30064
7749
44606
32155
11608
90646
47274
7758
71061
69661
32781
80117
77714
52256
18487
27284
25367
49793
3593
21041
61344
76731
54377
36869
45117
70750
11087
75394
15103
56420
15796
31397
20481
71370
65947
37567
78060
59071
85190
42063
87553
76996
38503
22833
78075
54382
91646
60777
10404
65173
36373
76933
35322
28089
38468
25978
88933
61695
16939
85472
21798
38317
55408
20945
33217
56359
62933
44712
90383
5455
55581
87926
29275
78688
2286
18115
5648
46423
35257
23069
36926
30119
46249
30409
68755
77832
64350
68372
1860
23195
66278
4508
88878
56372
59327
52190
6154
62379
55897
43226
26385
13865
61086
28054
2806
12549
75063
61057
57481
7144
81737
91388
53671
44775
12813
18291
53880
11994
50196
20439
34613
56845
58141
66634
31004
57635
86231
30775
4238
50116
78892
44926
41260
7953
82130
88238
74819
10162
6025
57973
24080
71036
46650
56227
73577
4928
11404
53169
62864
2661
2632
75162
49067
39694
42138
61191
43161
27760
35385
38413
58580
52903
76837
73338
67121
63420
36822
82340
18661
2715
58385
81389
27235
8071
26741
49155
6269
88443
63961
2400
92267
71388
45270
56003
82182
9293
34705
9829
14441
19654
27544
78636
23348
21167
30602
72666
72829
70092
86264
54973
18398
31206
18621
10042
75627
16365
78521
49843
20732
68804
49195
19640
22018
35891
49665
27402
69397
34136
88869
88575
24329
16994
39415
41701
6891
45126
64834
3348
5995
58519
39666
50645
31712
55021
67826
89220
57323
52402
15132
58064
6034
83974
74073
17877
16789
57886
40434
81098
31633
18164
45651
32831
60946
53086
26116
92117
50615
75016
65351
4484
32114
58256
89748
32582
13043
45981
59291
20117
85641
10627
75258
68644
71354
82438
90582
79170
41595
19922
6670
65631
55746
75524
43610
42865
69322
14200
74528
55725
51602
37003
77581
61780
63496
7275
28763
1764
50248
2033
21286
42211
18346
67226
23756
58476
71259
58972
77509
5807
6009
60929
28619
17404
48040
30094
79408
78847
13457
51978
18628
30686
64715
16461
55770
39229
69230
39820
29281
6089
5890
64930
31784
15949
76979
8045
56685
31811
75510
18467
59275
47446
85401
91745
1646
59929
18945
58635
33694
68312
86928
60714
69209
22892
81853
41010
28914
52293
66600
28935
78386
6182
22844
22764
24284
41975
18643
51991
57411
11630
58841
6700
33836
60101
61234
85669
38928
37765
33529
10767
73714
66311
53503
12915
52572
56652
55419
76348
74178
54512
55710
41584
83006
90197
71087
52158
82606
83140
60729
45500
46027
12940
18099
88467
8078
31030
27091
5633
41381
58913
14391
78169
12152
87658
90541
31217
70623
70538
27804
63325
42892
75902
91039
90268
84137
20601
63717
18745
14713
12853
10443
21064
64912
44441
27742
3747
86353
45705
57855
16553
31414
82091
28466
62978
13898
57773
30609
9521
89542
16492
75919
9369
2129
18951
3491
78766
86398
37483
9153
38773
39802
91705
87762
26584
76539
46192
62968
13685
90178
79808
50372
21585
67205
47526
22058
21605
207
10942
80441
6365
79351
6186
34565
75725
43674
2410
74453
58282
9207
16574
75305
85813
28021
77609
38688
36502
35873
61645
56503
68981
56594
9
56921
72814
66531
17683
13734
68231
23775
45971
26720
76099
83157
9144
77337
50245
47365
69153
71595
75124
26923
52825
54997
29314
34250
54203
85247
53864
53228
65122
64146
44522
64715
57485
66787
42898
15515
14485
18064
2384
28213
28771
6253
72933
73424
49889
43315
11473
89798
73642
10488
49712
79668
67458
7474
38848
39185
31866
18530
42073
34879
91037
64081
33969
78397
85855
71333
89171
31271
20697
7242
51231
36652
65750
4123
32201
4870
75333
7506
59844
44680
87569
6540
90770
57460
44774
5262
39682
90338
33612
54261
91589
45351
40812
4246
65253
23392
3348
11385
43492
58559
68215
80808
82298
43022
58562
39228
26418
63399
29143
64751
91151
81955
36942
3974
40431
17413
17118
77399
86801
69424
11733
10842
21472
87851
51018
75340
48472
62436
73004
49136
10617
47886
74230
35429
12290
87744
14715
33726
91245
88628
53362
46003
65050
64045
20029
88186
63801
41926
78805
70368
91032
22285
70203
65115
88839
86370
39001
67048
65344
42405
30192
91484
43686
51813
75764
42181
1634
32877
13391
7325
67532
90367
65140
32921
3636
1966
47297
75904
31910
88261
30212
806
20833
6012
30673
37162
80660
47457
7592
22541
29149
45196
53508
6403
9600
2179
81689
14354
46208
39851
46703
83963
82125
23942
4920
19357
61478
26087
90166
69513
14233
86151
20023
19312
89250
32714
2779
58584
90349
82208
16676
22292
49252
28837
70292
9949
80505
40614
34455
15252
33525
75757
83631
46949
28834
75144
16502
46804
46287
76187
3258
71748
16006
72070
34505
2997
60547
28250
2646
50591
46517
16815
32970
42150
60213
26344
53876
46145
75911
44026
45836
15430
91836
31695
71871
80319
51441
19012
17580
84006
54800
66936
22263
56946
386
9003
90307
2613
23989
24267
23459
84070
86159
25584
32905
4117
72804
75705
948
45010
61533
62936
26259
87615
46974
30169
82281
76255
22821
88376
4033
52396
29821
13808
54587
13989
1759
91972
64398
76226
79924
15081
267
19564
2978
80515
239
25234
13960
68968
29712
9149
687
71689
67304
79288
81859
19626
89895
29696
15939
55445
54580
80747
90018
66105
16227
17585
57459
80469
21249
40006
28600
79896
66355
54238
91023
25710
52183
45009
22794
48614
34163
15162
46993
9481
83940
73093
88050
45505
33304
56087
72637
78284
57435
51200
79838
70450
73283
66462
86912
13887
77096
53025
53588
77824
81489
74047
25219
28931
71880
21607
56057
62293
88431
17363
33495
25947
25658
62291
62784
34531
58978
17464
49808
36711
23821
54036
75414
61008
20003
70139
45420
69376
5014
15559
69077
18742
63002
10941
8331
32145
1424
20285
24702
76016
86730
65893
56822
46504
14673
88101
78893
29933
51141
70998
27809
18940
69751
69409
88497
55442
64195
73038
72890
5801
58298
37521
85458
77289
37690
68026
83394
10598
85606
65432
55857
64329
31573
62756
53217
36908
37114
55138
20976
5460
41941
33125
54475
30662
91186
41426
60872
91803
14807
79763
28895
24700
4221
27830
74049
13938
50765
898
7540
24595
87724
51383
3530
3363
69251
83606
65259
58067
34593
38761
33006
16636
68360
81718
53746
19598
83245
87317
13959
73120
82242
85551
621
37467
76448
63551
13247
10431
46422
52444
66965
11850
28137
62778
28088
12733
67002
43052
48746
27996
52935
16569
15823
42453
20756
71522
44122
63732
86427
29723
23090
4977
32540
67917
52938
35764
31441
84721
40383
33095
83911
47665
53729
13065
3989
65617
67967
80858
37301
80220
12113
7260
73095
42201
28658
37454
32814
5557
38303
16859
6196
89959
72408
43697
67931
39893
44568
6022
1569
16113
80143
36278
80575
36472
33276
13808
82304
23231
32525
7001
49040
4403
26645
74966
22161
17588
6820
48432
87154
31654
61558
27042
3531
45004
61069
65450
25889
31294
32973
53320
19506
84274
90744
42457
38405
12978
46427
33158
11549
81633
65120
87326
74175
26219
71304
35501
60962
61448
33857
50890
81454
81575
86289
15757
38601
12557
32439
63356
71928
44374
50268
82235
84858
65585
13281
16446
84212
34420
84752
78682
84754
61022
22293
85567
71833
22424
2880
6249
32918
47730
41904
16547
6128
59095
41070
38903
89745
32185
87556
54296
51927
6633
45257
6254
54817
12040
78335
46631
42541
8521
3409
26650
48446
29015
54119
86302
80604
30428
25679
16685
53098
14494
70006
21088
77170
86550
12336
71820
17044
57633
4309
3495
23604
55540
52585
13398
22329
89200
16134
12425
34658
22692
6017
46682
69191
71812
48199
43249
67478
56226
31435
67740
36374
84772
7390
25243
73899
86110
5835
68244
6786
76483
61949
74963
51233
65381
72222
15433
68861
64069
23649
23473
16278
78098
72116
56270
73039
69560
35141
53833
45579
73000
29575
3640
36192
79536
76078
41687
66999
32371
36347
67835
8760
60876
12001
81816
63620
79059
50030
64714
4505
91418
32078
27918
40909
72952
50183
58757
10091
2176
16880
39042
55717
65970
10328
20247
51143
78316
83132
69013
70482
61930
54045
20762
23617
3584
22001
79009
1537
87048
52828
79599
118
82236
30350
78606
62425
89372
73964
84379
60809
57047
51017
3442
28190
30957
39408
56748
40891
62563
72296
90400
40958
54890
20979
5747
32684
61154
44328
35904
67864
31264
84988
42600
61727
49904
23580
42466
66378
87335
72497
55059
52548
63339
19032
17417
17454
88169
68997
19371
21301
73545
56407
63052
44721
14601
40379
78949
24458
82776
6975
13074
5762
56510
27026
2434
59037
91029
73466
69216
278
12378
87840
35031
56918
73923
33708
83024
85658
3101
13737
26423
56527
13258
83781
1053
21039
15482
8608
88964
37148
26267
12266
5840
74379
30024
76514
83394
80086
21763
73068
37485
11414
75094
33807
77620
20122
24449
58298
54280
31920
73182
69938
31581
76630
46960
85070
60610
26947
67543
88486
71514
62145
83745
8748
39082
79383
13370
68224
76231
33249
89748
85688
29920
28570
56978
56449
85738
1231
75173
68566
73615
6468
68951
89619
33075
75893
27523
73285
56172
36687
26124
41545
27667
27699
8099
68842
82941
51502
26783
20929
78966
80946
25659
90716
13299
38022
12063
71323
60847
9761
35607
2515
73048
53572
2237
77760
45071
2300
4540
61731
25048
50145
16800
82173
66502
5606
8525
81952
54898
19844
50751
33496
53257
34685
65718
11344
87813
14528
10921
61679
50849
43991
29642
23758
10885
48567
62652
85614
7633
8350
41544
43887
49845
15034
1236
3879
22126
84134
20236
66297
10869
61426
71768
79273
26661
77942
48582
9530
63015
83670
78305
75027
5714
67122
34203
59959
42883
63393
45192
11855
90847
11594
6100
34898
11674
54095
34884
89569
5371
41234
29256
806
71576
25678
79021
78488
91383
70826
40148
72896
81460
34677
10456
20305
80700
49923
17446
6717
17018
45828
21781
78841
2699
15365
75948
62416
84849
14218
88501
89233
16772
79830
20755
15402
10673
15204
81403
30297
34487
47503
4150
76690
43566
6419
25179
16231
82465
56303
17348
24777
40025
67542
45271
41726
73852
46434
71360
54393
80936
32642
73383
25138
26052
82939
38287
85643
49438
4956
68797
15392
51839
44045
16818
89058
14547
12484
70016
70456
52996
78637
11913
17326
2342
6679
53292
64052
10547
49073
77125
27928
43726
81245
5314
74584
58298
91168
21429
71122
61909
57034
86734
70242
44830
83215
61198
88997
74486
62780
87132
28960
46362
76038
22327
83750
2236
87966
81793
53998
32373
72489
85843
65325
21040
14927
88689
62943
88586
22954
47916
35962
45824
74442
23642
51521
53295
24686
106
59530
69875
86699
65335
39812
69917
53554
18847
46074
9699
60732
7476
64449
57034
25978
32707
89162
33621
49467
12595
28500
35743
76818
75258
22949
21991
57573
82041
23347
12081
82414
82569
43183
3246
67359
16701
54342
9565
57882
22825
7077
41890
66957
48027
10559
87042
56818
75170
51445
55604
65847
14534
55785
57562
11737
11692
31040
48417
82095
28088
29451
15718
47303
21342
68701
69424
5527
71531
88628
3603
84747
15427
41161
68484
8962
6861
75230
62919
66727
17133
50383
85844
2602
46181
42452
30603
32317
77010
88491
15878
73196
24568
45997
33261
32379
68276
49788
36695
84895
75592
15185
82305
56069
16173
82339
62867
48251
83181
65872
27799
49141
34163
35479
47321
76465
45217
77864
4641
19511
74225
33601
37216
7123
5571
28318
39444
77
46972
29495
20128
41095
2922
37113
38700
89531
26364
12583
22156
32497
85750
74795
10484
84205
88423
65402
27859
78473
24463
80993
61915
62746
53045
46919
5550
8783
57410
9408
78837
49162
60471
73967
47253
52802
14547
58192
32789
76425
15882
46448
64908
6016
69140
53378
54103
73177
4038
68504
80935
72987
35288
90875
37164
55674
57239
5884
1092
1526
82760
76729
13751
85324
59876
88091
26966
65777
83107
36082
149
71343
83603
10143
45476
14383
86239
67689
57565
56112
47055
11740
73879
84891
5494
46539
23664
71866
62648
3637
34173
3753
29621
3931
79313
35071
75104
11629
28031
70564
41998
6268
15815
5554
18181
1835
30418
85683
9181
90613
40271
36573
41110
90639
64951
69388
46118
82283
5467
55784
13877
35590
5358
70646
48803
19884
80643
32046
23737
90502
13852
66582
18713
5936
43970
9589
75823
31881
14825
17453
15194
1688
45205
79743
78142
66957
81245
81258
37606
18697
73496
58562
82462
60131
37601
60347
7135
50479
58010
41277
36719
62629
19145
13525
46469
24628
82132
27190
35863
19993
54733
51978
85070
85960
14489
84857
5716
30881
67702
65201
72043
70712
14840
9063
63119
69711
69287
27175
71751
43049
84308
21668
79491
22160
43153
3353
48014
47323
75453
39281
88992
72346
42827
81538
30626
82232
80116
84019
43138
73748
39179
53233
66668
69620
53356
43058
84493
22990
62532
87094
22151
62268
10786
59357
23558
248
66867
59625
46007
37153
57478
34506
86148
12905
36480
56648
14537
58524
37229
28274
26617
65958
34154
33539
36365
15625
51727
81957
86066
42790
29587
51965
34279
77278
5094
77673
15982
13400
13439
83129
2667
53938
63501
6693
82685
26486
60758
5000
47013
54728
14704
67471
40942
44022
39046
43165
49468
87435
81582
58308
51506
56925
53728
8715
69895
54433
42565
53586
76400
51914
7506
67402
19155
66618
47594
90222
54662
62197
12365
6742
60917
55056
38841
75646
23736
43473
56568
42378
33989
40262
47270
84827
72750
28960
22069
90768
57272
85979
12182
89521
6151
60671
61087
55361
76800
49862
80297
32572
21183
24681
48772
20194
26175
51689
65939
86006
63913
31447
58360
47397
78323
64167
58809
75233
25930
59418
61148
50478
54987
30959
59164
57885
44603
6778
5238
940
1253
30409
2438
81214
33646
29670
74890
85368
59194
1925
70229
34537
13017
45199
71216
32585
14382
26529
310
67539
3963
23104
40102
59330
77165
3905
52544
43001
13306
82553
26934
48605
50666
63566
67162
51220
55814
82494
28995
60823
64779
47578
66637
90648
80347
76922
69732
42667
26606
33792
56859
12719
29395
34002
41295
71066
9141
30230
39730
42293
62428
37225
72250
45095
5162
14299
77531
25905
87950
46439
88297
21119
24526
12635
61639
38745
35630
64564
44083
48045
77211
22544
1899
7501
50392
68759
10484
35982
50311
54688
47555
31552
78281
31093
32175
30836
45648
80796
5601
87380
19882
9802
56878
8204
87925
74876
27591
26328
64134
72164
90660
23502
62315
16717
43605
40734
30441
44340
45415
48552
14680
2181
79341
1410
18827
42966
17896
37906
7117
78723
43442
41419
19497
4178
13988
28276
32785
82737
62092
86731
48072
30615
59481
89258
5587
45867
35674
60672
87180
45585
18066
87398
77831
15704
29030
76655
59335
14096
70151
69971
43111
81597
84128
28608
17756
72472
81657
25553
20004
40655
89618
56835
36915
26232
71560
25885
33129
34399
66712
81645
51662
77245
61139
25900
43383
56109
78592
50982
53716
72794
87460
60311
63235
41703
31581
71062
46463
5104
23701
55174
70172
44968
45615
32372
11263
20512
84974
16233
56577
41220
74249
34586
20314
23125
22020
50219
78866
88664
68856
2256
46602
69117
76026
57652
72652
73644
39405
61395
56573
69461
85884
85275
11633
72466
78727
55939
39820
29307
22375
28183
73675
38318
64161
9707
35373
437
60519
60809
66657
9181
73351
17509
9216
69345
73657
80741
76042
33784
39405
42771
58931
24908
31540
81646
61861
51424
69466
83391
70326
78905
67274
28999
21461
76601
26167
74883
17427
31296
1274
58854
4339
10224
54271
43274
66939
25957
78580
72604
77955
4295
25276
49298
35406
40013
39254
25671
58524
2726
80981
20659
2321
18993
12647
5425
53823
37865
1754
26010
44783
11659
86625
24064
12089
838
86621
39382
52696
79254
56018
83277
77777
43365
59693
44127
80716
50447
89311
4604
46823
70136
10151
9951
77336
67396
633
77371
87606
46898
66951
46913
84489
28918
26678
60355
20658
37474
57977
25648
22763
36408
35940
48676
82073
62750
29134
74612
56536
25639
67059
21837
36642
85802
3446
82664
19630
68537
32639
38119
9842
7528
11394
33273
86250
34220
13521
31506
38616
87127
13837
28533
38509
78338
71679
78761
8892
40463
66828
33730
10942
66504
20021
53251
26931
10641
27697
63
25680
66673
16199
14208
21231
48680
66083
73594
71789
53178
88589
13957
57922
36492
36987
3944
61684
12341
12810
26275
56560
2459
57147
73254
4040
1228
63756
28584
38553
21727
51567
27837
54311
9540
45506
67894
56197
73197
61813
69659
31322
74648
18400
9728
28124
5330
17080
57925
33835
47333
70998
78546
34009
60677
73932
21337
25999
185
89189
43292
41167
83530
77547
30117
65001
82014
35826
56211
34344
38907
82526
76222
54150
71441
40793
21337
42559
83246
75564
37943
77723
24869
52038
45104
38342
25955
81324
12535
57330
74643
85963
18677
34369
38053
15776
85061
12012
10674
17562
8179
41828
13398
9560
2505
74014
41206
66826
78366
14799
7461
26905
22471
31414
40078
47321
59015
69364
89185
21718
47229
15092
51683
52223
43307
35056
14340
32189
48074
12561
34533
33310
55482
88793
66306
23680
54698
19601
29966
67653
21840
33283
72393
41051
49264
30444
80040
83966
47459
74978
32513
13769
6519
11935
88425
20476
63103
43862
36123
82589
84558
49228
23438
59813
22204
253
42212
16639
19881
26750
75135
67206
30493
89030
4784
36754
78607
31001
60322
11054
71784
81028
63353
26530
73643
75252
25045
79712
64299
45152
28319
77949
26145
44225
87082
16446
37795
70521
39494
68053
93
526
73226
13498
50082
77857
67597
51663
66300
87570
81581
81996
73041
22433
48531
55841
77194
69236
55406
88214
8217
63394
8578
77615
83440
32590
34381
24052
25170
18232
11862
37681
14980
69242
67926
13795
53248
19487
7732
17304
29212
85791
84744
39576
36230
19189
22413
14999
35355
7373
73285
55159
45161
57649
25146
2305
82046
10538
34674
67766
4989
60937
59255
39909
82839
13899
2533
86986
14438
25730
2970
69406
1980
47230
27949
68461
88723
34018
53282
50293
10184
37651
48677
49229
36429
77782
52410
79766
83369
4823
21978
81055
11836
17768
69933
74545
85201
5262
74832
19305
61159
920
74705
7509
21921
7889
73766
88821
24796
68310
43654
78630
22244
44777
88732
28772
49018
81866
1782
86590
24670
24718
59489
89560
78668
49192
25956
59565
11051
64488
48187
43066
22485
73474
62911
4028
59652
77778
89695
45652
40375
12480
46069
39918
28736
71141
12595
9279
23128
53768
85474
52936
5184
69946
43702
47631
4842
44553
77976
9247
55462
34182
32069
11133
18501
15236
78342
30155
5033
11022
68785
79647
29037
26598
56340
54392
68191
85275
1481
14793
7016
75075
51314
66293
18770
47160
89158
46186
13608
45961
22662
17927
78680
43496
89914
65571
85563
52529
13804
70491
3245
53625
46260
28049
78462
39917
1157
41778
45734
13165
35548
1748
88593
13050
62491
69840
27441
79066
86361
2812
71653
72866
43625
70614
69596
46147
13284
18565
18499
74796
38804
