86100
47100
42500
45300
16400
28200
8300
11199
27200
44799
28401
23299
76100
59901
28700
10100
22900
20000
54000
52100
4100
17200
65500
86500
66200
47800
37100
54700
50599
63000
54199
26900
43400
7500
30799
35600
33100
20000
9700
5800
8499
72500
62700
58800
20200
53100
61499
48200
30400
35499
12499
12600
31200
44699
35300
30600
58300
12900
16400
8899
64100
58200
51699
4000
45099
27200
25000
28601
41700
17500
52400
4300
66100
7001
49501
44900
56400
16900
55999
61600
31701
43800
55400
36601
61600
61001
30800
38599
40701
53600
59000
19701
14800
57501
52899
56200
23400
52200
46099
38601
41500
43601
5200
45700
36500
55699
23900
3400
9100
44501
14100
46100
57501
12500
17800
29800
14600
60500
11300
58100
37601
35600
43800
60500
36200
50299
11199
23801
61600
45001
71799
20400
18400
46599
4601
65900
51101
14500
15500
32700
10999
56600
67199
34300
34600
55400
68600
42100
64900
30799
40400
25600
34899
49700
55301
51800
26299
59500
52199
31500
53300
39100
53700
36800
15400
49800
32400
50899
56200
49801
79700
175100
9200
8500
22600
22800
153800
19299
59400
25900
49001
49400
29800
32100
30600
3500
64000
14600
16100
67800
32701
15599
48401
17901
40800
26200
17701
36001
51300
40100
32900
11500
4100
81599
43900
15400
48300
23100
3600
49700
6099
44699
6700
37499
31100
56099
50199
51399
66300
10000
26800
23700
12100
11801
5001
17600
36400
33601
13600
69000
27500
29200
26101
87199
42500
22900
24700
45999
40500
43000
13601
23300
18700
55300
4900
19900
56599
47501
54900
22700
71300
26001
56500
38900
71200
1600
7500
9500
3900
10100
15300
9000
15399
7601
3200
18501
15300
14500
25300
5101
7400
18700
7500
11000
15601
5901
15801
16200
3900
7299
12500
15900
8600
3700
7400
9899
14800
9000
14800
18600
6400
1600
9100
16499
12099
4500
11100
7600
4999
10201
17801
20500
9400
4899
13100
3200
6700
3900
13600
1200
4800
17600
23101
3400
10300
9000
16399
13900
11800
17700
17900
16000
7400
9100
5600
8700
12599
4601
20500
4500
12601
12500
6800
13201
6200
12900
118599
11300
15200
19700
2699
17600
11000
13500
6800
21800
3899
15800
2000
15999
5601
18901
15900
14700
8899
10300
23300
10500
1600
20699
18100
7899
2100
4700
9400
6400
4100
9600
14200
17100
3800
19900
23101
1600
15800
9299
12699
9800
11500
3199
3799
22700
6999
15100
1699
23800
5700
10800
6899
6900
11000
8500
6599
9301
12701
23699
19600
8401
10500
27200
5400
14300
20000
17099
44400
11500
14699
15100
24200
11301
14800
11300
15501
11800
1801
19600
18200
11900
9801
8000
13700
6300
8000
23500
13299
18100
5199
14900
7499
4901
15200
2601
6700
13301
4001
5000
11000
20301
16500
5600
26001
18800
13301
5700
11600
1500
15800
2800
1200
11600
17801
16399
2600
12400
17401
20700
9399
6699
2201
6901
19801
6999
4600
16100
9801
11801
6500
16400
3300
1300
15300
15800
8401
21901
23499
18401
5001
14501
15199
7299
6700
1501
5700
11100
13400
9600
5400
2200
14101
2200
10800
17300
2500
11600
7499
7500
12100
6500
3400
5800
11500
15100
13501
7900
6100
9200
8001
8700
3200
7400
7199
16200
19000
7200
6500
12999
10699
15000
7500
14800
6501
10600
8100
5500
4800
7700
9700
3100
5200
2000
10399
2001
11600
10799
1500
7101
10100
11700
25900
8000
12699
10100
5400
7200
15000
5001
3501
10799
6400
2699
17501
8600
14599
14200
11700
11099
6800
2400
15100
16700
14400
14900
1800
2400
5999
14000
10899
3600
10500
8000
4601
5401
7299
19800
5401
3100
10901
8000
4900
10099
12500
12400
20399
3901
14500
18500
6599
13200
6200
24400
16899
15400
5901
1500
7200
9699
12599
6000
15800
7200
16101
8501
5000
6100
13001
20699
19799
19200
13900
7600
15100
6500
11800
2400
18901
8500
14300
13600
14901
3500
9100
5900
2900
4300
10000
18300
4599
1700
2900
3400
7200
21101
16300
7501
16001
3300
9900
17800
4200
8799
16700
9301
4100
17500
13600
9799
3700
11100
3601
6401
13299
10500
10601
6100
6601
19501
15899
1999
7000
11201
6300
6299
18799
6101
18799
8700
13000
9801
16001
12299
6601
9600
2701
13201
13800
20299
13301
3900
18000
5300
4501
6100
5500
8300
9800
4900
8000
17000
4401
13000
9000
3300
1500
17299
9200
3899
8600
13701
4400
13700
19400
6501
18301
12000
5600
4400
15499
6801
1600
6600
4501
4800
2200
10900
13000
5400
2100
11299
7299
9900
2300
1101
5700
20299
9100
14101
6299
9600
4800
9599
5001
1900
4700
4800
10899
2900
5800
13599
9500
18499
1800
20000
15800
8299
1801
1800
14601
3001
1799
16500
16600
10900
6401
12499
1200
14999
5500
5100
10400
9799
1300
8400
3601
14000
5300
25900
13400
5300
13599
5000
13900
12500
6700
5700
1701
2999
3599
17000
28399
1699
7300
9500
16501
15699
18700
14100
5200
3901
9600
5700
4200
11201
6000
9900
16799
11999
5599
2300
1900
13799
13299
2299
12800
11899
13200
10000
2300
2499
15899
8300
15500
2000
2899
2199
1700
7600
2699
16000
17099
8600
10300
7200
2999
9400
8100
3601
8301
7200
5599
22599
12300
7799
9400
1501
8501
1599
2500
16900
6200
4100
3001
2400
2699
7100
13199
6099
7899
7300
12600
18000
6899
13300
5500
7801
12001
11000
8901
5300
9100
13600
8401
2400
14999
3401
4400
6500
11300
11800
2900
5499
6400
2800
12200
11800
9500
3000
11700
14400
1201
3000
6200
8200
13099
16600
16000
12200
13800
10300
4300
7899
16000
7800
10400
4300
15200
7700
5900
13501
6800
8200
7600
10800
2100
3999
8499
16400
21500
18800
5799
2500
26000
3700
13600
15000
13300
7700
2800
3700
18900
4500
3499
13700
12099
16400
3599
3999
9100
17000
6401
15900
11200
14200
12400
7200
9300
14301
2200
10601
2000
6300
12600
6200
7900
16901
5599
9500
4599
13901
10400
7200
9399
5600
9699
3799
8200
10399
13800
4100
3599
2000
15800
10000
5200
7100
4900
1199
8899
3201
18200
4500
9001
3900
13599
7300
6200
12501
2100
8300
14701
11600
2500
6500
14300
13000
7200
11499
14700
6800
3400
2601
19200
4499
5301
9200
13700
3099
14601
12800
14001
13401
12199
21300
11199
19500
4900
1301
23100
7799
6899
2800
15800
6200
8999
3100
7700
1400
8800
1100
6300
11599
4000
6000
4499
4099
5200
14300
12301
5901
3900
2099
6700
3099
8200
15700
1600
5001
6400
6901
4000
4800
3200
3599
7600
3899
10200
1199
1200
3900
9000
12001
10500
8100
14500
10700
17700
12100
6499
4901
13800
15799
10000
12701
8000
5099
1500
13200
4100
7801
13700
2300
9000
4600
11799
10500
21801
4700
9900
8001
2999
15200
9800
12000
13899
4499
8500
2300
1801
8700
1800
22801
15000
5399
2601
17400
5600
10100
2099
7200
8600
20500
11400
17700
2900
12400
4800
6999
5800
1999
7900
11900
4701
4401
2699
14100
16700
3399
6999
7300
5900
10700
5500
19600
3300
10100
3501
14200
4801
1400
7901
4100
4600
4501
10699
9800
8400
16800
4999
2201
7600
3600
14600
6101
20301
20401
8100
15400
3400
4599
3100
2700
3800
11400
4400
2600
11201
16501
13599
7500
9100
15500
1400
21601
14900
18700
15400
7100
5799
9600
16699
9000
14000
15400
2499
10901
5700
6599
7200
9000
7500
8400
1400
9800
9399
7001
1500
6800
5799
2999
18700
8400
10900
11000
1599
1701
11900
4100
12599
5700
2200
8100
4999
10500
15800
1800
4600
12800
11700
3000
3599
6200
6900
14201
17501
10799
4300
15900
6401
16700
5700
9800
3799
5600
20301
3800
3199
1500
15700
21301
9900
1799
6999
2800
13400
6800
3800
11299
24301
1400
16301
10100
12600
3700
8100
10100
14601
4401
11900
2299
4601
1600
10900
12200
3500
11400
1500
9501
1700
9701
5500
13501
12300
2200
15399
11400
17300
13500
18101
16999
9600
1900
6300
16800
8001
8399
14201
9699
18299
14700
29801
20100
10301
6200
10900
2501
9300
5800
27901
11000
8499
4300
15501
10699
4699
1500
13400
13500
8100
5000
3599
8700
10601
1400
9900
11799
14601
7100
16501
12299
15900
3099
2100
12900
4000
10300
3500
7100
12600
10200
12800
3200
2500
9100
9699
12000
12300
11100
10799
9201
14199
9900
6600
21400
22601
7300
16899
11599
10899
10000
1100
19000
5200
12000
7500
5601
5000
17600
13700
7499
5900
15900
11500
2300
6100
7501
14600
21799
17300
15600
10799
9999
7200
3600
5400
2400
17900
3101
1600
7300
11000
9401
15601
11201
15600
15501
17900
4600
10400
19699
13199
22100
13900
5300
16400
11901
12501
3001
9301
22400
1400
17900
14200
8600
8699
11700
3100
4800
15101
15699
20900
16600
14400
9300
14700
7801
7399
10399
14400
15700
15801
5100
9200
7500
19299
7899
9499
3701
14800
19999
12100
4099
10200
13501
11300
5900
14800
18199
7499
6499
15300
5201
10401
12600
9100
15300
13600
1400
12799
8200
10100
14099
13400
11399
11300
8400
3100
2000
16400
4601
7600
13500
5999
2400
4700
20500
4700
5601
13000
14600
13900
1601
7901
12800
15600
11799
15300
12799
7700
8499
4901
9201
4300
8399
2299
1701
13499
7400
6700
6500
6300
10600
5900
15100
3800
1701
6700
10400
4699
3400
5901
3700
20301
24900
17899
5200
15200
4100
15900
4300
15899
9199
3100
10701
13001
3200
9801
15000
17401
3800
17200
6100
20300
15500
3499
3899
3600
15900
7300
10500
8501
9500
16300
14101
8300
17200
2599
16700
5099
1701
3200
2500
17400
14099
10400
3999
17200
11100
11601
4000
11900
11000
15200
11500
2301
3499
1400
2900
9100
5099
15501
14801
8001
10699
4700
4500
6000
4100
5400
11600
10200
7801
14100
5800
10100
6200
5700
9401
3000
12000
7700
3001
10301
1400
9100
10900
6400
6400
7800
2900
9700
13400
19200
1900
11900
11000
1900
6600
14300
7299
6300
11799
15900
6401
1900
8400
2601
15400
14499
4601
8899
3000
3599
7900
12699
6600
11699
8301
11500
6500
6801
15700
7799
9300
2699
12100
3699
11600
10500
5201
4901
7400
13299
6600
3700
3700
1299
8100
10000
17200
9899
6101
1999
16201
8800
6101
14600
4000
2701
13000
9500
5399
5899
4500
8801
13200
12101
3499
2900
8700
9200
7700
16501
10200
21300
6700
11401
7800
3000
4400
7301
4900
19200
2100
2400
2199
2001
3200
3800
3800
3900
1500
6700
12401
2700
13701
11801
7401
6200
11700
1601
9401
22199
1700
10500
3500
1701
3400
8900
16100
6801
4699
10400
15700
2000
5800
13101
11400
20600
11800
15101
14400
6600
13301
4200
3999
2100
5601
6000
6801
4501
2799
11400
11600
2700
10700
1300
12300
8100
16000
17801
13001
4001
2100
2099
4600
16100
13201
13400
11200
6800
2599
5100
16200
8600
15000
13499
7599
1600
3300
2400
2900
10699
13200
8400
7801
16199
15700
8200
7100
5600
16799
12500
9300
15201
5000
4499
13199
5400
6899
15900
4099
7100
1801
19600
6500
7700
10601
6801
8200
18800
19600
3701
15499
12099
9700
10900
6500
7700
12000
8100
14600
11100
6601
20700
10200
15600
5299
12800
7399
7899
14200
2900
8600
2300
7400
3900
14300
21699
19701
12500
13400
5900
17400
9400
7100
2601
5399
7500
3399
15300
11900
10400
14700
13700
12599
3099
6301
19501
11100
23601
19100
9100
3601
17900
3200
4499
18200
14900
14501
6000
13301
5801
11000
15699
5800
5100
6101
5001
2100
4101
18701
19200
5800
3001
5600
4199
11900
4800
8800
11500
8700
8100
11301
3701
19500
4499
5200
3300
3400
19700
10600
12800
3501
18399
8799
13300
12199
14500
17699
12499
2800
6300
14300
8501
7499
2599
14800
9001
6499
25099
10100
10700
4899
13900
2300
5499
11901
11200
12700
2000
6799
14400
9901
8600
8600
4100
8900
20500
4400
2499
8000
13800
11401
3900
17600
9800
9099
6600
22799
14100
19401
17900
12900
16901
16500
15600
7000
2100
10399
15500
15500
1500
12100
4601
6700
12500
1801
9500
3800
3301
17200
12201
4999
5700
10700
10700
1700
11199
13000
4100
3700
8900
8600
12200
19701
13200
11900
6500
11200
7300
12600
10000
5800
18100
6401
4499
1500
15800
8199
4700
11000
6700
15400
12700
21599
10100
2000
1200
18601
5500
2300
9700
8500
5599
5601
2301
15500
3000
5799
10199
6101
15700
13200
12800
2899
6801
12599
4300
10000
4201
14001
2000
8500
18900
5901
14601
16800
8700
11300
7200
5199
1500
4900
1700
31001
1400
2599
19699
10100
4500
20199
2200
3199
11701
11599
14100
8199
3300
21799
12700
8700
13500
7400
6200
14501
12700
13001
1299
10299
4500
1900
2599
11800
16000
5300
2600
14600
5299
1801
9600
7800
1999
15201
13800
12900
7399
12201
6000
1601
6101
7701
11500
2000
1801
14700
12500
15700
17700
1200
8799
16399
12201
10701
5400
1101
10700
9500
5200
10399
2400
13601
25000
7899
11700
7800
11500
3001
4000
20601
23900
6200
16000
11600
5001
1400
12000
11401
6601
7500
16100
3400
13000
1100
10600
5900
19100
6899
13099
3600
12100
19000
11401
16999
9001
14199
18300
13900
7999
5800
11099
15201
3299
8000
7501
13401
9199
10500
9001
2601
5600
2200
8500
11100
11099
8199
15201
1900
2000
10699
9500
14100
1601
13101
14700
2201
13201
3500
4100
10700
2501
12699
9201
17601
8800
25400
14699
5500
12600
8900
11200
7900
12101
12500
4901
10600
10099
2400
1601
8100
11900
1599
5200
15500
7000
1300
7701
7700
10500
6099
17700
15000
12700
18100
1699
10299
1099
6901
9899
17300
11799
4600
7101
2000
1399
1801
15501
4800
13400
8999
12299
8100
8301
15899
20100
6100
9900
8200
7200
1500
11799
8500
9200
17100
3900
3500
11200
18300
9201
5300
4600
9199
17800
9400
18800
8100
18200
15099
18401
6900
5000
11699
18200
3500
9500
3901
10799
4499
2100
1800
4500
11700
9699
11200
11200
1900
7500
8100
3500
3200
17601
8100
3599
17501
5701
10700
12601
13800
5800
4899
1499
4500
14100
16100
13700
7699
15400
4000
15200
9400
3901
15200
8500
8499
3200
10701
4200
2700
5201
6200
9500
22100
14699
5900
9701
15300
1800
3300
3601
3101
10500
6601
20000
26499
3900
18501
15099
4599
5899
9700
8100
9100
9301
12199
12601
1500
8900
8500
14700
1300
1301
7800
15900
11899
16401
7400
17900
5599
8000
4200
7300
1900
4100
15800
10600
7901
1200
7101
5200
2599
20500
2601
14400
4001
4100
6500
15099
1400
11300
3700
19700
2999
30400
4900
2499
20201
15400
4500
10101
5400
9601
3701
4199
3701
8401
1101
6400
15499
2400
6000
1200
12700
1801
14800
12501
14899
3300
2399
2299
13700
5000
4500
5200
11000
12400
2800
7200
10200
1900
12701
18400
5601
5300
8100
10601
11800
2100
4200
13000
1900
13699
1101
1200
8801
9500
5200
18901
14499
6800
7700
2099
14100
8300
3500
2300
8800
15501
11400
1800
6500
15100
16501
19201
11600
3800
9101
12299
6401
2600
11000
4500
13900
8399
5800
4999
2999
10000
14300
2701
8000
8100
8100
19800
1599
2400
21500
7399
12400
5400
9799
3500
1700
13300
10601
1701
15599
17601
3800
8900
3701
21500
6099
19200
14400
1600
20000
6299
37001
10400
2000
11300
4899
9300
6600
18500
1200
8300
9600
3400
15200
11100
14300
11300
11200
19400
10201
6099
9599
12300
3800
13001
3400
6901
4099
13201
8200
4300
5900
1900
12299
8900
11000
17799
14900
9000
17699
12900
18700
5300
7401
8100
1999
7399
4800
14899
5100
11200
19700
6301
3800
9199
8300
6001
6800
2700
21500
5799
9800
13699
12099
3100
19699
1299
8100
4300
9801
3599
6200
14400
8100
11200
4099
1199
13500
6801
15300
7901
13800
4599
6401
9000
14200
3000
16300
1500
12500
14701
23599
4900
12699
16599
1500
5100
19399
2500
18800
15800
3301
8201
28599
15300
13500
1700
6100
16800
16101
16399
16200
11700
15800
5800
9400
2999
5300
19000
1200
12799
18501
3800
2201
11800
10301
5999
13701
13900
16101
15800
15100
9200
3201
11801
13400
14600
13201
15200
1700
7900
11299
16901
4599
12900
14499
9000
9201
8100
5201
19700
15000
3800
18401
4901
18001
4899
17400
10900
2000
16901
8400
3800
8501
14800
13801
1999
4800
11500
14100
13000
6899
3499
22900
4800
2301
14800
1500
13601
4300
2000
3100
5799
3200
7100
3200
15700
22000
7600
5601
6900
11300
8301
4200
15900
16001
19600
16999
9000
16099
12699
8001
7099
10699
12200
5900
11900
15699
9100
6200
3200
3200
3300
8200
11500
8899
5800
9900
6000
3400
15000
14000
11000
2900
10700
8500
10700
7700
3100
1300
10000
3299
13700
9301
1300
11400
6401
18800
5401
1699
2499
20199
3999
3500
14899
10400
4500
7300
1499
1700
15700
13900
12199
11299
11300
5300
17899
5799
12200
1600
8000
6399
23400
4900
17500
10399
11200
2900
11400
15101
2999
17700
9300
11000
11800
6900
7300
3499
15801
2499
1200
24900
11601
23900
19801
4500
11699
4800
9100
4899
14999
1201
15700
10000
2900
12800
3400
5099
5099
15600
14501
2600
3600
9400
2599
1800
8100
2600
25000
24599
5999
16601
16400
9800
8100
15599
8000
24400
15100
6700
8701
7100
8700
15800
19100
9900
7700
3500
1900
5700
10801
3300
18300
12500
4599
10700
3801
5800
17699
14100
11799
6300
13600
11000
10699
2599
18000
16100
22600
17101
1201
4500
10200
25900
6601
6601
10300
5700
15300
8400
10300
10899
21000
3001
5801
3900
4500
13900
8999
20500
17001
11201
8100
10500
2100
11799
16200
7400
15100
6799
5600
8000
5999
7200
3100
5900
12500
3300
4100
11201
5900
7600
11301
2600
5501
2100
4800
5701
16601
7101
5700
15799
10600
6900
2599
11900
12099
4300
1500
2000
2100
11400
18101
16400
16901
2400
11401
9400
11200
5901
13400
5900
3800
12299
8701
2701
10500
9200
10900
7100
16200
17000
12401
4200
13699
16700
5800
7200
18901
9300
16300
4699
5000
2500
16100
10600
6200
2300
1499
8300
9700
7300
11199
4400
8400
8301
13100
4500
14400
15500
7400
9200
5900
6300
5099
13100
12300
8900
12299
6800
6399
15901
2400
14900
6700
3400
7800
14700
12400
7600
12900
4300
2601
10699
5799
9000
12000
16901
2900
3101
4000
8400
10200
1800
6401
6700
6100
10901
15601
11299
13800
2600
9800
10701
4001
8700
13701
15200
2101
15300
7999
4900
2699
11300
8300
3300
18700
1400
14900
9400
14601
6300
14400
14400
6799
5901
18300
6801
12201
11900
11601
5900
5300
16700
8400
2300
20599
14400
19600
2099
2900
29301
1200
1600
10000
1400
11400
6800
8400
15901
8001
5101
5900
9199
14900
1000
3000
19899
10000
5300
21000
14300
3001
5500
8699
16300
2300
3300
6101
12400
15099
19399
15400
11301
2199
9599
19200
19001
15900
15800
16999
1800
14599
20601
7499
14800
13500
10200
32200
4100
13600
3000
18499
7600
2300
6801
14300
1101
21401
2800
11399
9400
10100
12900
14001
5700
2700
9000
12000
13000
1900
11900
7000
3199
3300
2501
5900
12500
6001
7600
12200
4600
2500
12000
12600
13000
4300
6100
3800
5799
3000
11799
6501
6500
6801
7300
5899
2900
5899
5800
5301
13400
7001
2999
11800
5999
13400
9499
3800
4599
11201
10500
11000
11401
2900
7899
16400
8999
10199
7499
7100
11900
5601
5501
6999
11099
9600
6400
8900
11300
17299
15500
3199
10100
13099
15001
14600
7700
12900
11100
13201
14800
8300
6601
2301
9900
12401
4200
7600
9400
13200
6200
1199
17001
17400
20401
2499
15001
10500
13400
5000
13800
3300
9000
3899
13699
1201
5599
7301
6700
10000
9700
1101
2800
6600
9600
2600
1300
6899
4800
3300
8700
1600
6499
6200
7501
4201
7000
9000
3401
3699
5400
3099
1700
17599
2400
6999
10799
2599
1500
2100
16200
7899
7600
11699
8301
2101
2699
5399
12201
3199
19701
16200
10500
11900
3099
11100
20500
7799
3100
1801
1100
16799
5800
6000
10300
6600
5600
1900
12299
5400
3899
22300
3701
11700
20000
13000
11299
4899
8600
6500
3000
12700
7601
1400
12201
9200
1699
13099
8600
7300
10200
16800
5900
3600
13899
2300
7600
7400
4399
13700
2099
2600
8899
9300
18101
5101
2801
15400
11901
2501
10900
2500
13300
12400
14901
3200
20599
7699
22101
11099
19000
10100
4800
5200
5100
20199
10200
9600
5500
10600
9301
4400
12099
10799
10900
6900
7600
16000
21099
10000
3500
6800
15100
2700
7499
17600
9799
10200
13800
13799
12199
3500
13200
11900
7500
1500
3800
7701
1699
12201
4200
1900
14001
11100
4900
5500
16700
3400
5900
14800
12800
12500
9001
6700
7800
7301
8499
7600
15401
7600
13600
11599
3600
23999
20300
14000
8700
3300
7900
16301
4401
2600
11301
3100
14701
11400
24899
4300
8200
18900
11500
14200
12000
8501
3500
3001
15999
10700
20900
13599
14900
7200
20900
30300
10500
15300
16900
4700
8201
11201
10701
4500
19301
11000
5400
10901
7100
17200
10700
7900
15900
3201
16200
6999
3000
15500
4800
13201
3200
2700
6101
11600
4600
10300
4599
2599
3600
6500
5701
10000
9400
21800
16200
1300
12200
2900
4601
6901
5300
6200
6901
23600
7500
10799
7600
12800
6100
12600
13500
18000
10699
14599
3200
12000
7399
7800
17700
17101
7000
12400
6899
2499
6800
4199
7300
4401
3300
1200
2699
5600
1500
6499
13701
4901
1900
2100
2299
10600
1300
10101
13500
7900
16300
16600
2300
14300
1299
8800
10699
12801
7600
11801
7401
10701
6999
13700
12400
10901
15600
1300
11299
5700
8800
16101
5700
7599
2400
13400
2000
8700
12400
5399
1500
6799
2000
5499
14701
10200
5600
10601
2400
11400
7000
18100
9500
7900
4800
12400
3300
4600
9799
5600
21400
14300
14701
11600
7501
11900
3101
2400
13901
4500
2900
11900
6800
2300
2800
17101
12199
15500
11100
9500
7999
13901
15400
12501
4800
8200
4401
7500
13000
3100
14100
10800
5200
8500
2100
1500
7800
15600
10600
9200
6200
2600
7900
2400
1299
6300
13601
15499
4401
6900
5900
14800
10400
10901
5799
11699
11700
10900
5099
5700
5800
12400
1300
8600
15899
7401
3000
5900
10700
9301
17500
13199
4699
11601
13400
8000
8400
14800
4300
13500
8301
2900
11800
1500
5900
9200
7299
23500
7300
9500
8100
2699
4100
5999
16300
1700
14200
6600
2101
5300
4400
16499
10500
5899
2301
13400
6600
13900
4700
9700
4401
6300
12700
16401
19100
13500
12600
11601
8700
14200
9900
3200
3600
5700
4300
7200
8000
1900
5200
5899
15500
15901
3199
4800
14000
7100
2701
9900
12800
1900
8200
18800
3100
10200
6600
2301
5700
8900
7199
13700
3300
14899
9300
3901
11900
12801
4501
4101
1401
12000
11400
10699
11300
9399
8800
4899
5100
4800
15300
4499
12101
10500
11200
9400
3500
5999
3099
13599
6700
11600
8399
2101
7499
11201
11900
18399
13899
3600
1400
7700
4401
9700
4600
6799
14500
12800
6500
9700
5700
5899
5700
6801
12601
9600
15300
12699
12700
17600
6700
2000
2299
9901
7300
4900
10701
15000
13699
10000
1800
1400
6800
6401
12299
4399
2800
6401
1900
2299
3199
1700
5401
19600
11400
6700
7100
11299
16200
5000
5000
5999
9700
7499
9300
18400
5800
12200
5300
5101
3601
2300
1800
11400
2900
5800
19600
1000
19799
14599
13400
6799
15599
14400
11300
8199
2599
16900
6200
10799
10799
7500
9600
8700
10500
1400
1400
14699
4600
18300
19600
16200
5499
8501
13400
9700
5800
12500
5600
1200
9901
8701
1100
15199
12900
12599
8899
5899
13700
11400
13000
14600
14901
17300
6800
11599
5300
8800
2100
2799
1300
1100
7200
13800
4300
13800
10800
1301
14900
2899
4699
5601
15500
2000
5600
9000
11400
6099
4101
2800
14599
13699
2800
16400
7801
4000
8900
4500
10201
5001
8700
5901
19000
12701
4100
4800
11000
2201
12400
13301
14099
2000
11401
20500
2800
8300
15800
4899
4899
8100
7400
2300
8300
1400
19601
14000
12599
3001
11199
11701
12501
2499
15001
14900
12200
15000
10900
5099
13101
8300
4600
4500
11400
3200
6800
12301
10000
4501
11701
8900
8900
10800
4600
8600
16100
10099
12799
12199
8700
6601
11301
18401
11900
7600
10099
8701
7399
5999
5401
2001
7000
12200
2600
8700
3000
3000
1300
11800
3199
14100
7600
14500
17700
10601
10701
9601
17200
11500
2801
10700
2999
2001
8700
2300
11600
4000
5901
14100
2400
15700
8300
3601
18999
10500
1199
7900
12299
4199
21799
8401
11301
15300
13600
10200
11500
15100
4599
4700
3201
20000
20600
10000
4499
5200
4100
5900
15899
10700
7999
6801
5299
13000
9700
14200
6200
8701
2400
8999
7100
13900
11099
18399
20600
1500
20600
3200
1800
4400
12900
12600
16099
13001
1400
11500
1400
11701
2500
4399
3001
9501
3101
13800
8600
4800
1199
10399
6500
5700
3200
26600
15000
1701
12601
6799
3300
9700
5300
3700
7600
19200
6200
2099
2301
8201
1601
12900
14501
15399
1900
1400
12501
1600
20700
6200
4699
2099
17000
5900
14200
13399
4500
2699
2000
4200
11500
9700
5899
10100
13300
14701
12900
3800
10399
2601
2700
19099
13300
10100
6501
4200
8900
16300
16400
4001
12101
15500
12400
8800
3100
8999
12400
18301
6500
10899
4199
5200
23400
4300
8299
13699
13200
5700
5899
19400
4700
14901
14000
7999
9001
4999
12200
13400
16700
13400
1999
6099
8200
13601
16499
1701
4599
5900
10701
16200
6799
4901
12900
12101
1700
12601
14600
6900
8500
10600
5901
4800
7400
15300
11000
1900
12499
1200
14600
11101
8200
5001
1299
17499
4400
11100
8699
7100
8400
7200
2601
7901
5200
3101
2099
1300
4701
2199
2900
7300
6601
2400
1999
5100
9200
8900
4999
6799
14800
1800
4601
1199
10900
5399
1501
13700
14200
13601
3499
3200
1400
8699
2200
9500
6400
8901
3300
12799
8600
9800
3300
6001
2299
9500
10400
11300
3500
7101
15300
6800
10199
9001
16500
19299
15700
17200
6800
6100
16100
1199
4699
1501
1900
15401
12900
2001
1300
16900
21000
3899
11700
12501
9799
2700
15501
14499
3500
12700
9600
3200
1500
11100
8600
7299
8100
14500
9100
1900
15500
4600
4800
15500
4701
14700
6101
4001
6500
22300
10599
10601
14900
1800
14800
11700
6800
13100
1199
10700
12900
3701
2600
10500
17300
1699
5000
8999
5900
8900
5100
1900
8600
4999
10200
11900
8500
12101
13899
7300
10599
16200
2600
13299
15700
5300
5000
12399
1500
6301
4700
10800
10200
10300
10500
18700
8799
12699
5800
1299
3601
12900
10399
4800
15401
5399
16200
13400
18000
10000
10000
12999
4900
8700
6200
10500
17000
14600
4400
1700
3300
3400
14300
8200
5900
4800
15300
7100
3100
9100
5300
5200
3600
15099
4701
2900
2800
18000
11400
16101
11200
999
7600
11900
5200
11199
10600
9299
1200
7700
10400
5100
3000
3900
2900
3400
4000
10100
3500
4101
4501
8700
10300
2599
11999
16200
14601
10601
14700
9199
14100
14300
5900
12701
4099
7801
20000
13200
6800
1699
13101
7299
16499
14400
5100
10099
11700
4599
6300
5200
6099
15200
4500
14201
2800
12999
4701
9500
4100
18900
5200
18800
10899
9801
6500
15600
11701
4599
12200
4600
15800
3100
10600
2800
14400
11601
19701
15999
14101
1700
12900
13101
6400
9300
2800
2700
16801
16000
15100
13501
1800
5800
4300
10900
8300
14900
12201
8301
4701
5401
14101
2900
10901
3200
18299
2100
13199
8600
17500
14399
5800
9701
13900
1701
2499
7301
6500
13100
3300
3300
14101
6101
12600
3700
7901
17800
16899
7800
10500
1300
15600
14099
12301
5700
9599
1600
4200
6801
3600
8201
2500
1400
10000
11400
4700
15399
4500
8400
17900
15500
2900
4201
15300
4800
1100
7600
4300
5199
1900
1100
5600
9900
10600
17200
1599
3800
8800
1699
11801
7600
15700
6299
3800
12599
6599
13800
7000
3700
6500
5501
19201
15099
15999
9000
1200
8200
3100
15001
3600
2300
10700
2400
2300
2400
6300
15700
4901
14599
11800
4399
6001
10601
13900
9900
12500
6000
6700
6300
4601
6400
13800
8299
6000
5399
3501
12100
3600
9900
7100
5199
10400
7200
11000
7799
4400
2600
6101
9500
8600
6400
1500
10101
4900
1700
18700
14600
13799
14600
2601
10000
11200
11900
5100
4600
14699
9901
9100
8701
4600
12601
1600
4000
10901
12800
6700
12600
8600
18500
7200
5299
1800
8001
6199
8000
3999
5499
8699
3000
17399
8899
5901
8699
10801
7501
15399
6000
24501
5001
16299
12699
3000
1799
11701
4500
3200
11401
6400
7100
7499
10199
5600
3000
8800
14300
4200
1400
3800
16800
6300
14601
12699
6600
4400
1700
16200
10200
3000
10700
9400
7900
3900
7600
8001
11500
1999
17800
6700
15800
7700
13600
7100
11700
3900
11800
2301
4199
18100
3300
18400
13999
13300
9401
4200
10299
13900
2000
1400
20301
4101
17100
14400
26500
14100
20299
18300
2800
16200
8401
15600
16300
7200
7600
12301
7699
8001
10900
7701
12300
1300
11600
12800
13500
1799
13600
19801
8100
13901
4800
19000
12900
1300
6800
11800
1700
9200
9599
9401
6100
9201
3199
14701
3700
1300
16599
3700
13900
6699
1700
2300
20400
8901
18800
5099
8800
13900
3700
3999
4100
13200
3800
7500
14800
95401
2000
9500
13500
8701
10300
13299
6599
9699
8500
9100
1600
17599
15099
11300
15499
3699
2699
4199
14200
7700
34101
9800
15800
20501
1200
12799
11601
11299
11700
7600
17500
3000
3699
7000
10100
9100
5000
10800
1400
2599
3400
14401
12699
6600
6401
2500
8701
3800
2699
16499
7400
6001
7699
5401
5301
13300
4401
7500
5000
14500
2400
2800
8999
4500
12400
4800
2199
6501
9501
8100
7700
4200
18800
7401
4001
6000
10500
4500
9100
17301
6400
11701
1301
7200
6800
1800
12301
3701
9299
10000
9800
3501
1801
21399
15000
1900
15000
2501
14199
4799
1800
2000
2000
19500
13701
5700
2900
15400
11301
15501
13000
3300
8000
3099
6700
1399
8199
10101
2300
6700
15599
1801
13300
4900
6600
8001
7999
10301
7999
6001
12299
8499
2101
6700
7800
16200
4699
3901
5199
11200
8700
18300
18000
5500
3400
2500
5700
15300
3900
1600
2799
9801
1700
7700
7200
6200
16299
9499
1300
7600
3100
11099
3501
2500
3499
6501
3900
9700
2700
3800
26600
2601
1600
2501
9200
12400
8100
2000
6299
7899
14500
5599
6801
16000
12900
7899
14200
10599
5400
14099
17401
8100
4200
4200
1201
9900
6600
11900
3401
9600
11400
2400
6799
3800
8299
15401
5499
8600
6901
2400
13600
21599
6000
7200
5900
14100
8700
8901
15199
10301
3200
13901
2700
5800
12700
2300
4199
2200
4999
11901
12500
8700
3701
9500
4999
15100
11000
15900
8500
1400
12100
17599
12899
10300
10299
5500
5799
4000
9400
4501
2101
13301
9201
2700
4600
6000
14800
5300
8600
15400
14500
8200
8300
15000
8700
12300
2701
10199
15200
17100
7599
7401
4001
8100
6800
5700
6400
4800
18300
3600
17100
4900
1700
15399
18700
2100
19600
13400
5099
2000
17399
15800
9800
5900
14001
1800
1999
2001
4400
12000
1301
2200
10300
13999
13999
8800
8500
15500
13201
16400
15300
7601
5300
7801
7801
5901
10701
13700
14800
7901
14300
1900
5700
4300
10099
8799
3000
13500
9900
15499
10200
2500
15800
3099
16700
4100
9800
14901
14799
13101
11600
4500
4400
8900
2499
5100
4999
3000
2099
5200
1799
4100
8800
4900
19399
12100
2699
13901
9500
8400
6200
9799
12000
6901
8299
11099
7800
10800
1600
6700
21301
15900
5700
10699
9200
6200
15400
9501
6600
7299
2499
1900
8600
7200
1199
9600
1500
5700
10901
6301
7100
7599
11500
10601
19800
7700
12699
5200
15000
11300
13999
9400
8001
10799
9599
11700
13100
5601
9500
10800
3100
3500
11300
17200
5601
7300
6801
20100
13001
2000
10199
9201
8199
8901
9899
15100
11699
9500
8000
16100
5700
1200
8200
4600
4600
15701
7001
26300
17600
10099
5299
2400
9400
8300
4500
6001
2201
15899
12401
9300
2499
10100
5700
1500
3099
13600
12399
4600
7501
3100
3200
3400
8100
6800
8499
8500
14399
15101
14601
6801
1500
15400
8300
6100
1400
8001
15500
10401
5501
10500
10301
12601
10400
9700
3099
12100
16700
8300
3900
5200
11100
15700
2500
11000
9900
11600
2099
8800
8000
4701
3799
7301
12400
3800
9000
20400
14900
3700
6601
9500
1699
8201
7700
6901
2600
14000
7401
17899
6901
3200
5000
3000
4700
8400
4800
3199
5099
15300
21500
10399
3699
11900
6100
6000
9600
10201
13000
12700
11000
5800
9400
5599
3800
2901
17700
6199
17100
16500
5900
18700
7801
6100
9100
8600
5100
7700
5601
5799
15901
15001
8900
13800
13400
15601
14400
14500
14701
8699
5900
9300
5601
20299
11500
5700
9400
12900
1800
13999
14999
8900
1600
2500
8300
8401
5100
7400
6299
1300
6501
2300
8699
6101
16400
15199
13100
3101
15600
4900
2600
6899
1300
7999
8600
9200
6501
1200
1500
8199
7400
8400
4201
10299
8700
13000
12500
4201
1900
5201
12000
18100
3800
13900
14500
6099
15501
11801
2600
10399
3601
2900
4000
3199
1400
1501
15000
15700
8101
15100
6200
1600
3300
16901
2000
17099
8199
6700
4300
3901
6500
1900
7499
16801
6300
7000
1400
36099
12200
7400
15200
17700
7301
9599
14600
16000
2800
4701
3101
11301
3300
13900
11599
4700
3800
6300
11400
5400
7400
1700
4900
14000
9101
26100
14201
9100
6099
9199
1900
8801
15800
1801
2300
3600
11500
17000
8400
2100
10700
12900
6600
2901
12400
17499
19201
8899
14100
10400
1099
4800
6601
4900
12800
1299
1300
3699
3800
4100
1700
5700
2700
1900
7200
3400
1100
7600
19901
6400
6801
2000
8400
1000
3400
17601
1000
2101
2701
2999
1200
13600
5100
3000
5100
3800
4700
6700
7499
6000
9200
15800
7001
7700
9600
4000
19200
1799
7000
8299
11000
7999
9100
7301
5399
17900
8600
1799
3199
14501
9799
1900
13199
3499
10400
15399
8799
12400
12900
12100
14099
13101
3300
13201
1099
1300
14900
5700
8600
3099
3200
2501
2000
17900
18100
1300
12400
2600
19900
7900
10900
2499
3399
14800
2701
7200
9799
1499
12600
8400
7000
6601
9500
15100
9000
2801
2700
15600
1601
9400
14400
12400
10101
3399
12501
13100
2800
6499
3600
12100
7899
15800
4100
5000
13001
5400
3300
5300
3000
11101
6301
17900
15500
3001
15501
6299
7901
5100
7800
5000
1100
1201
11600
2099
7801
2400
9201
15600
1200
13400
6399
3300
8200
20700
1199
21900
4200
3201
3599
1600
9400
16601
6501
9500
4500
1499
16800
1500
6100
5500
3100
6399
2900
1700
4001
10701
6499
5700
4201
4000
4899
11599
7500
1600
14301
3900
4099
2499
5700
9901
7700
5199
9801
7199
4900
3601
1399
1801
4800
4300
1701
3700
10599
15900
6000
7200
1601
15600
2400
7301
11400
7200
16401
7399
2400
1699
5199
14099
2300
8600
10100
13400
4600
11999
7500
2599
2500
8000
10300
13999
11701
6300
1401
6601
4200
3500
6399
5799
7600
1400
2201
8900
3599
6500
3900
5599
4900
10700
3800
1300
2701
11199
2700
15699
12900
4200
11000
7400
15599
1500
10700
7499
18500
14601
22400
18801
6101
7001
6700
2700
1599
2600
2100
3400
4401
6899
11400
18801
5700
4500
5300
13800
18000
2201
10399
6599
8200
14701
5500
10201
10901
5700
10601
14300
8001
2000
3201
10100
16901
13801
15199
5201
13800
16200
12001
10201
5101
6800
8001
4100
5400
7100
15900
3101
2800
6500
8100
5100
3899
13900
3499
23000
8500
5599
16501
9600
4199
8100
1700
1900
2199
5700
6899
9599
11700
2701
9599
6299
10200
3900
4200
1600
9901
2199
18800
11900
7301
7900
5300
5801
15900
6299
16000
9100
9500
11100
5000
2701
6400
4699
15499
5500
12000
17001
5300
10799
6200
8300
9600
3400
1600
4401
13900
1600
9600
5100
8799
5700
3700
5100
3299
4300
16200
4000
13300
5201
14201
8199
15001
3299
2400
10600
13200
1900
5600
10000
9700
3201
8800
9800
7200
2601
5000
4601
8600
5700
6999
4400
8300
11400
3600
7100
3100
1301
2701
11100
3500
10500
21101
18100
13000
13300
9400
18900
11900
4399
8000
7599
7400
10000
14100
9601
10800
6499
2201
9600
21301
9301
6300
16700
3400
9100
12700
11300
21899
20400
7000
1500
5600
16700
10299
9600
12601
6999
5700
20100
3601
4100
7699
4599
2400
5400
8800
17200
8000
16999
15400
18401
11100
11500
11400
12101
1500
5800
23599
19400
6901
7099
13201
2400
11101
19000
16000
4800
16001
3300
2699
7800
8999
16101
5500
15500
20700
9700
3400
6900
7700
1301
3599
17101
16001
7700
5700
3600
11700
2199
6200
1800
8401
2400
16500
4400
4900
3300
3800
8300
6299
9500
4901
2200
4999
9500
13600
3001
5900
16401
12700
14501
3501
5501
15600
14501
11201
6299
5899
1900
9200
20700
6900
10800
4499
3900
9099
4499
4401
9400
12300
7000
7799
11300
11200
15399
7299
13501
16799
1600
3300
3800
7001
15499
8100
5500
15300
9600
4200
3100
1800
10300
8200
3701
12199
1800
8500
10401
4400
15201
3101
6600
11200
10801
8600
1300
2301
1300
16000
6900
10900
3600
17200
6101
8600
4800
13900
5801
16101
10199
7300
5899
10000
1801
14200
10000
13899
12301
7299
13800
5499
11100
7200
6600
3500
3000
5600
16000
23200
8200
11401
5399
17001
12199
15000
3099
7200
10000
12601
8400
4100
7600
8800
12200
9500
10000
13801
6801
15401
9699
3200
13900
25499
10200
1900
6400
3700
7700
13300
9100
6100
2800
14800
10000
10299
4900
2999
3899
12700
2099
1400
5500
2200
9200
5400
7601
14201
8001
8100
11801
4499
6499
5099
4800
14600
11000
3300
10101
12400
10399
8600
1900
8299
11100
8799
16399
14101
12100
11400
7900
10101
29699
17800
6401
1600
14601
16001
4101
4999
9901
7300
14000
7899
14100
6600
9300
2101
6400
12301
14500
12299
2900
2199
2099
4899
14700
18700
16000
8300
3099
9900
1300
9100
4200
2099
4800
9100
14099
10000
4600
1901
10600
11699
21700
12900
11701
13800
9300
8001
17501
13800
12000
10500
7299
15700
15800
3700
1200
15800
6401
7999
12400
4800
1500
9899
11701
12299
15000
12400
4100
5099
2800
2201
4099
8100
9500
2000
2600
6899
5100
6500
4100
4500
3300
7300
3800
7000
7399
13500
10500
7900
1701
5200
5300
9499
9600
16601
4901
1400
5100
10200
12999
4800
5001
1900
7500
3000
2000
2900
8800
7299
11401
7500
3701
5200
9100
3800
4399
8100
5499
7700
1200
8500
17100
4899
13800
4901
7700
6800
4701
11801
11700
5800
10199
3200
1900
10500
2701
10000
11200
1601
3901
5600
9100
8701
7100
11000
4500
7999
1100
2300
9700
16601
11899
12800
1700
18400
2800
5200
13300
1100
6800
13300
3200
3700
5199
7600
3800
8899
12000
15099
14700
15500
4000
10400
2201
4200
1500
13700
1199
15800
4700
3000
15999
11900
4599
16200
8000
2900
2301
5599
4199
10201
13699
2701
13200
1699
9200
14199
16000
3800
7600
6001
3101
2200
3401
14300
14900
3599
5700
15900
7200
12499
14400
2700
10400
6600
9900
2099
14500
11200
2501
2200
12400
14700
7100
4899
3600
11000
4000
4701
4300
1300
6000
10400
3900
1699
3500
10100
2601
8799
3001
6901
2200
7500
3400
8801
5500
1699
5700
2701
3899
2000
2500
16800
13000
9500
4700
16300
6499
8000
6901
7000
3500
9400
2100
6100
14600
2900
6499
24500
17400
12100
2299
16901
7100
8600
16700
12400
7100
1700
12500
5500
15901
28900
12400
8401
5700
13100
2600
10900
3099
6301
15300
21500
7900
7500
11500
3400
17500
9200
6599
8901
14699
6001
10399
9100
13001
2500
10801
14300
6100
5800
7599
8501
14001
22800
20900
5600
6100
6999
6800
14600
16200
11700
9100
14901
14200
1999
12701
6899
10500
13100
12500
6900
12200
1099
7100
3000
16901
11400
4700
3399
15499
17100
13300
15701
2500
6601
5200
5501
1001
6399
4200
10101
6700
10801
1900
6300
16199
14100
13801
5400
13099
2400
16900
10500
11900
11100
10701
1200
17200
11000
7500
10900
10199
8501
11500
7800
2400
14000
11700
6001
5399
8900
11900
19001
10399
2100
2200
7700
13800
8100
15800
7699
11600
8600
3000
6799
7900
3600
6001
8900
5399
2601
9000
14200
8600
3900
1300
6400
9401
17700
22601
5900
3200
17800
2501
7200
2401
15199
4700
3900
3501
13701
5499
11500
7700
5500
3599
10100
5101
7400
7499
12800
7900
9600
9401
15700
6200
9901
10000
7501
3800
4000
8701
4001
12501
8400
5201
11200
6399
8201
10100
6000
3101
17901
13400
1000
1299
4599
7200
15201
9301
2400
2300
22601
5500
11700
3000
14301
4900
11500
7000
2400
5799
6100
13300
11700
5201
10000
15400
7100
5699
17200
4400
6900
11099
1600
17100
2199
4600
4100
2800
15200
3199
6100
11400
8800
1001
5499
3601
2399
9401
5099
13900
9599
2400
15100
6099
14800
14000
3300
23400
2500
7600
3599
6700
4300
2501
9500
3900
10700
1400
7600
4700
4700
4199
2299
13599
10500
4201
1000
6900
6500
14600
12099
1000
11200
12499
15601
11301
1699
9699
6800
15500
6301
9701
2101
12900
13901
6900
3300
2999
5399
4599
12200
2600
9699
19399
11800
5200
9600
6800
9199
5201
7499
4599
3800
7399
5100
15501
9100
6800
11000
9300
5800
16001
13700
7900
2201
19501
4499
14699
10500
3300
15399
9901
4300
9899
9100
11601
14701
11800
12700
4201
12600
12999
7401
11900
8500
1499
3800
6200
1099
7200
6400
4300
6799
5300
4700
16500
19899
2001
13700
11801
4300
5100
12100
12300
7501
5999
6600
10901
6699
13500
18799
3801
10500
8900
13499
1301
11200
16300
12400
7300
6599
12700
9500
12900
1399
6101
5000
3599
12701
10500
11300
8399
13000
17601
9401
4700
9900
17200
16300
5000
6301
1101
12300
9700
6000
4300
5800
11900
6200
11601
3500
7001
5000
10799
14900
8100
3700
16601
26300
8800
7300
15800
11900
11500
3699
13999
9601
8100
9500
2100
16000
5099
1000
4701
3800
9299
15700
6100
5800
4200
19200
10500
1099
4600
4200
20301
9600
5600
1700
10400
9399
8400
14199
3300
13400
4000
11100
4900
7899
8399
12200
3101
17600
20900
14800
3399
4600
2300
4800
2400
6799
5499
1400
6700
7001
13001
5300
6700
7600
7100
3001
10301
13400
9499
15099
17300
22300
13900
21799
3300
1401
5300
5800
18699
5700
5399
1600
19400
5001
3300
6401
2001
5499
1801
17999
5200
12000
1500
5199
4101
4099
16700
2700
17500
3900
10300
10800
11301
13400
9600
3800
9701
11800
19501
8600
14100
6500
2600
2099
16000
2099
14501
3500
1100
7400
9401
1400
22800
6300
16400
2199
9000
7401
12600
3900
20000
2500
6401
1800
15901
14600
6400
4900
5900
13000
1500
5501
9600
13999
23001
13900
7501
9000
6100
8499
16001
9800
4499
9600
7300
1500
9400
14599
15700
4900
10500
7200
9801
3301
3000
11101
7599
2000
15599
9799
9899
2701
16800
9500
8499
14899
4099
3700
8699
13000
8399
4200
16101
4100
3401
2599
6700
8399
15100
17499
22101
12400
6500
4601
3100
1500
15800
11000
2499
7500
10801
9901
5899
2299
12900
12699
10701
8600
15800
9300
4200
14601
13300
15200
3299
1300
9299
6800
14700
2601
4699
5800
2600
14399
13499
4500
3600
10100
3800
9199
6900
3300
17600
9000
16400
18200
15500
8499
10801
13800
1300
6801
13900
4600
4401
11100
2800
3000
7100
12599
10299
11301
7200
17600
14499
7600
3800
8000
10199
7901
4100
15000
3000
13501
6101
18100
9900
12200
3900
4901
8901
3100
5800
2001
8499
32600
4200
11500
15100
3600
8199
1301
12800
17000
5100
9300
3300
8800
11801
9499
10401
1599
5500
13301
2200
16100
13200
8999
16100
11599
6799
5800
8699
1600
19201
7200
1900
11601
3200
21901
11500
16000
8401
9901
10100
8201
10400
8000
14100
5301
3501
7400
6400
21100
12700
4900
15701
1700
6300
5700
6799
13400
5300
6300
7400
10700
12500
5400
10400
23000
34001
4500
7700
6300
15900
2200
1200
4899
6299
15099
8600
4901
9600
5300
8300
6800
4700
4401
3601
9599
5899
2000
9800
14700
6900
3499
9600
10199
17299
3200
1700
4600
17999
21800
6600
12099
4499
7600
6800
4899
20300
14200
7000
9801
15101
14600
3300
6800
11101
10400
7200
9100
11601
9500
8800
5700
6600
3400
4300
4800
5300
9699
2600
17700
18001
7200
2799
12400
16200
13701
9801
18900
2001
18300
19500
1299
4400
8800
6500
2599
14900
9000
12701
12801
11500
9500
2900
10400
10700
8799
4200
4800
5300
2100
7101
14099
9699
11700
12600
3100
11801
2999
6700
11099
4300
6800
11900
12700
10000
7099
9800
2999
11000
1700
2000
14199
13600
7799
7600
14100
7100
4199
13701
12799
5501
8200
6600
9300
5800
3900
1400
5401
5700
11699
5200
12300
2300
4499
16000
15100
5899
7599
2301
9600
11801
7400
9200
4701
6299
10100
1101
8299
3700
5200
16900
9299
5199
1600
8600
18900
9501
7700
14701
2501
16499
3399
4600
4001
2300
1301
2601
8800
11100
19900
4500
5700
3400
7201
7999
3900
12600
3501
7700
8500
11500
3300
5601
5200
16601
10700
16000
7300
15201
26599
10400
14099
4600
12301
6399
4200
6100
3201
23301
16200
6200
12300
14300
8001
11000
2899
3100
14000
6599
12500
9600
4700
12099
6200
8900
4600
9500
10299
15899
14100
4601
9700
11700
3100
12800
6501
11601
3500
16199
6301
8699
1900
1200
23101
7300
15000
6401
9701
4800
2100
5500
4901
11700
2800
8499
10000
7600
5200
11499
3100
19800
15599
10100
9099
6500
9700
6800
5800
13500
5901
14500
8801
5999
5500
2000
9500
9001
9699
15100
5300
5000
20300
17599
11101
8299
7700
3800
4501
7600
7301
10299
2699
1700
5000
8700
2800
2499
5999
8700
7900
16299
13600
1699
14700
9000
9000
15501
8901
11600
16200
3501
16400
1700
1500
10800
4100
3499
10700
5300
10500
4000
1400
1400
2400
15800
6500
16600
17301
18299
17499
14900
6799
12000
12199
16001
1900
6900
5900
12500
9200
2300
8700
4400
11201
5101
8299
11601
1400
12100
4100
17600
23900
17700
24900
3700
1900
11499
16101
8901
8400
1099
1700
12900
9199
9199
5800
29200
1500
3800
11300
18299
5800
12900
15000
12400
18300
14900
2499
14000
2601
14600
6301
2501
7300
97800
4500
9699
22301
17000
4601
2100
13201
3800
11400
10200
9900
5900
7000
4501
6101
18700
6200
3699
4300
15500
13400
6100
16200
12801
15700
11200
2301
18400
3200
8199
7700
4700
4199
3800
12099
7301
11700
10000
9300
6599
2100
6700
7000
4800
4800
7801
5101
4800
5600
11900
17700
15801
11801
16700
10401
10100
15500
3901
4000
7600
6200
16601
1300
4501
12100
5300
2301
3299
26500
5800
9400
11100
14100
9900
15401
1301
5199
9900
2999
2000
3900
1599
10500
12299
13900
6700
8600
4499
14199
9200
13601
3400
15000
6200
9200
1900
17299
1300
6401
8201
15200
7800
1100
9199
6300
1200
9200
9700
16700
4700
11199
14200
12600
7700
6200
5500
2999
3001
10500
6501
9300
10900
5101
10101
4800
1300
2400
8900
15800
8401
12299
11599
2999
1800
4100
13199
13199
13999
1900
8900
3699
8701
5599
3800
7601
16599
7300
3499
10600
13499
1800
12800
9399
1201
1500
6100
7600
4400
6300
15800
1799
6700
10700
3101
4401
1200
13500
10000
5100
1801
2001
10300
4601
4601
8501
11000
1200
8100
7001
4100
11000
20300
12800
17200
14001
4900
1199
4500
14101
14500
13099
5499
2199
7700
1200
8701
12600
9299
11299
8000
6800
2000
5801
11100
11900
11100
8600
5499
15700
11600
12801
2099
10900
5999
6600
5800
2099
1800
9800
12201
10500
3700
8500
1200
3100
10500
1599
9400
9400
1099
9199
22099
7100
1199
3199
16100
11500
7999
11201
4500
16100
2700
9300
9701
13100
9600
3500
2299
7600
9900
3499
12701
7700
9699
4000
20600
5400
16800
4499
11400
16600
6100
11301
16501
8300
8400
13501
10501
8600
5599
11100
6800
8000
3300
9200
9799
17799
1001
12400
4000
3699
8700
14101
12000
2300
7399
5600
12300
5300
12699
12400
1300
10500
7300
7900
7700
1900
2400
15900
12500
19000
4300
3599
16901
7500
5500
5100
10500
1699
7401
9901
2400
3300
11101
1499
14700
6600
10100
13701
7401
16801
24101
1000
5899
2900
2800
13000
14400
10400
11899
2300
16901
8800
11100
3800
9000
12100
13501
3600
4001
2601
3900
13699
1399
13200
15700
6801
6300
2600
1101
4599
12900
11000
5401
2599
11801
8501
9600
2400
4200
6000
1000
10300
6300
9000
14699
10100
13700
15901
8100
14500
2500
3900
1701
7999
9900
6700
4000
3301
6500
6900
3301
4800
4000
5099
2099
16101
3601
7301
7100
3500
2600
4001
13699
13101
5099
14901
6799
5601
1701
13400
9500
10400
9700
5300
5001
8999
5101
11400
6900
8600
12400
6601
3599
5800
13600
4300
5700
5200
21299
15800
3400
8400
3500
10000
9899
6599
11799
7700
7300
2500
1500
3501
4201
5500
8899
1499
2300
7700
4800
3000
7400
8500
3300
4300
2199
8400
7001
4001
3501
18200
5800
9600
1900
3200
8699
4101
2199
16300
2000
4900
6300
5200
10200
5100
6499
15499
11500
7500
14400
16800
7699
9201
6700
10000
1101
13200
5200
1000
12700
2699
10000
10700
14501
10100
3400
11301
6501
16499
16800
13400
1800
7799
15300
14400
4400
2300
4900
5999
10800
10101
9800
12501
4500
2599
6200
12300
2299
1700
14500
4499
3000
2300
20601
11099
3300
5300
18799
13400
7500
6700
4500
12299
10299
6600
10500
12800
4101
7801
6301
10100
7600
28499
21500
8500
11599
4000
7700
5101
1900
10400
10700
15701
9899
4500
6501
9100
9800
2099
8200
10201
2300
8399
9100
20201
17101
5000
4399
2800
10399
2499
14199
13200
3600
8000
15200
8900
9600
15799
8201
11099
14000
1299
3800
7500
4100
8200
7900
19801
17899
14100
2600
9300
2500
9201
9100
12199
2301
10600
8700
13201
6400
13700
9701
3199
10500
11201
12799
6700
1500
11101
6300
12500
17200
8300
6600
5300
11801
9600
8299
7500
11401
2000
1100
7399
7600
11799
6600
8299
11900
2400
4700
1700
4000
13199
4900
16300
5100
4800
9200
5799
2300
2100
1799
12100
8600
12501
9000
4501
3600
7900
12900
2300
1900
4900
13600
11900
2300
11601
2200
3200
2299
6900
13499
19301
4100
11601
16300
13900
9401
6600
8001
11899
13700
5601
8200
8500
1299
10700
1900
8301
9199
17400
7901
17100
4599
9500
2299
5300
5400
10600
11100
6899
4800
6700
4400
1600
5399
6499
8700
8300
4400
9200
3000
8000
2700
1700
17200
18000
12501
4001
12000
10301
7300
5400
4700
12100
11299
1601
11801
13001
8701
11200
13900
7000
17900
4001
6901
7899
4199
5800
9799
4400
10900
2099
17000
9800
2599
1600
12000
3300
10199
2301
3500
2501
4900
3300
2700
8899
2900
3500
7200
10600
8300
2100
2701
4001
2500
2900
5800
39301
9500
5100
13200
18899
9299
3100
3500
8199
5300
10401
9900
5100
16700
6499
14800
2699
5599
3199
7601
5000
15499
1301
11201
11300
9100
8100
8800
7600
16800
20801
13401
8801
6700
4800
14199
12601
6900
3101
2500
4400
4001
5201
6700
10400
11500
14899
13001
3300
35800
2000
8500
3201
18900
2500
11100
2800
5300
1500
7500
2000
5501
5899
6700
15201
10000
9600
8200
6001
9100
5200
4099
1201
10900
7901
14400
13499
6600
3900
5501
6200
3100
6300
1599
5300
3400
4501
6900
4900
2900
1300
2601
3901
7101
4700
11500
11300
13600
1900
5200
15501
13499
3701
5399
4599
7100
12200
7401
2599
9500
2000
13600
10300
11699
5301
9000
12900
5101
1000
2900
5599
18301
14901
1900
11801
6200
3500
9301
2400
1700
17099
13000
10001
7700
14800
2200
16400
11201
11200
12900
1500
9801
14999
15300
16700
2999
7500
2500
1800
2200
8199
2900
6300
9301
2699
6900
2501
8400
8400
4200
4600
13400
2800
3000
6900
2600
5600
8301
6600
14000
5999
1600
3899
5300
4800
24700
10201
2801
12801
4300
3200
9500
1400
2099
10800
9800
5201
6400
1900
16399
3499
4400
3900
18001
4900
1201
12300
3800
11500
3700
5901
8899
10900
8401
10301
10400
16000
4700
2501
7500
10400
11701
3499
2600
11600
1099
14501
13999
14000
4300
6600
17000
6901
12301
2701
8400
17200
2799
7901
14900
13500
5101
10500
6900
11700
2400
4600
13500
12500
2200
7701
17300
9500
11500
8401
15700
4899
17000
1900
13400
13500
5699
7300
8399
10600
12201
14101
7899
5501
2200
16100
13899
9000
8801
7499
12701
17700
18700
13100
3000
15500
6600
16200
10100
4100
3000
11900
3201
7700
14101
5400
2299
3100
3599
14500
4500
9900
5799
8399
5100
5700
16200
1101
15800
15400
7601
10600
4800
6401
1500
11000
5400
6499
21101
2801
7100
2200
2199
1000
2800
5700
2800
1999
6400
13699
11101
2500
8900
17101
18200
12701
7700
10800
2601
15600
12000
3201
4899
2001
10899
1500
1300
11000
2599
11400
10700
12900
11200
2400
9600
10100
8501
21400
10201
10099
16000
11000
12400
2500
6099
12000
11200
8600
4400
8101
8100
3500
7300
3999
6300
2600
9200
3600
10400
10700
2299
9600
2100
8600
17799
4300
12499
6000
6999
10701
1400
11400
11500
3599
3600
6001
2601
11500
11000
13700
12500
5800
4400
16501
6300
2800
9199
8401
2400
17999
4300
7200
1000
14300
3801
5201
5900
2001
3900
8400
2301
5400
1200
3499
5299
1800
11500
7299
3300
11399
2200
16801
1400
2200
8001
13100
3999
2500
6700
14501
15101
1500
5500
1599
11701
7499
10000
7600
3300
11700
7000
6800
12000
16600
5399
6400
1800
4800
8800
10600
7599
15300
8200
15399
5400
13400
4200
5400
9400
8600
1399
8600
6300
13299
9800
8801
2800
3100
10600
12200
5899
2100
10999
18200
2900
2800
12700
17600
3500
11800
4701
10300
4101
7901
10301
5500
3400
5300
9100
1499
4099
2500
6200
4600
3600
9200
6099
4399
10100
14800
12499
9000
2900
13999
10900
14301
8200
12401
4501
4599
16599
4401
1600
18100
2200
12800
8600
4899
14700
21199
3300
5500
4700
14201
7801
2000
17700
10100
9000
11201
10201
2999
1500
15001
4000
11600
8301
10201
10301
4800
7600
9299
1900
3099
12900
2300
5900
11999
2700
6299
10300
2600
5599
13500
8200
10000
9700
7500
3400
7700
2900
18099
14201
3700
9899
8900
14399
14300
10599
11100
18600
9300
11700
12100
7601
14100
8199
7801
1200
9699
11900
10099
8401
1600
3100
12199
1999
1400
4199
9399
2600
9800
2400
4601
5500
9100
10300
16200
12900
4001
9900
2199
4700
3901
2699
5001
4399
8801
6499
11300
3400
18900
7799
4999
15099
4200
5900
6100
3501
14300
4300
3099
4201
12400
1001
10400
5501
6099
15800
15000
14000
2199
3099
12599
1800
5500
1500
34100
3799
1799
6400
13699
2999
2300
17000
9400
16100
1900
4200
5901
6100
8100
14101
4201
1900
17900
8000
11601
3701
5100
22000
9201
14901
10200
17299
3000
11599
3800
16000
10399
3900
8301
14500
12101
12500
11200
14400
8700
1601
13400
1000
8300
8600
7900
1099
4600
4601
8800
2400
17701
6700
26499
10600
16000
3800
6300
10600
2301
12500
10200
1199
11900
4600
11699
13700
8600
16501
3600
16900
14399
12300
10500
14800
7500
2499
2601
4501
2200
1999
9100
11400
3299
4700
2001
5000
8299
4899
13700
7300
10600
12400
11500
5500
12200
12400
6800
11400
2400
10500
8600
9700
5800
6500
2100
1801
13701
1900
14699
10101
4200
4600
3700
3999
12401
12400
5800
4901
3600
10100
2699
5800
1701
9400
2400
8600
5800
13101
4999
5201
2600
6299
1201
2900
8401
2400
10000
2201
2601
2100
10200
3999
12200
8400
4700
3700
6600
7900
1799
12300
6899
1599
12000
4700
12600
9500
10300
16000
4300
5399
7301
9100
6500
11399
1900
17299
11200
6000
13700
5499
9000
9699
10900
4700
7399
6601
10200
13201
6999
3100
1999
10900
9300
4800
11800
4000
18499
4300
18000
13700
12900
2201
16400
6100
5000
14599
2099
10000
5101
14199
7200
6000
11200
4300
7600
7100
7200
7700
6599
1500
2000
5601
6900
5500
8300
14100
3001
4300
5699
4000
2201
4601
11100
4099
8099
2999
4400
1000
4000
3300
8700
11600
3701
3999
5600
2200
6700
5100
3800
4899
9000
10800
7700
2201
3600
11000
11600
1000
5399
1599
16300
1200
14300
4899
4900
5700
2799
6400
2299
9000
10600
9899
7200
13400
13300
8600
5900
2300
5700
11500
5901
7400
2900
4800
5200
2800
9500
3900
3700
4500
4000
7100
3700
3800
8200
16200
15100
48699
16000
10400
14400
2400
7700
7000
2401
1500
6100
12401
2600
5901
9299
4800
2600
11000
8399
6700
11000
3001
9700
6900
5100
3300
2100
9900
4300
5500
11600
2099
12101
7800
6099
4300
3701
6299
5500
2000
12000
5900
4500
7499
4201
1100
2400
2700
3800
7400
10500
8100
5200
26100
10500
11000
10200
4600
16900
15700
7600
7800
4800
8600
3201
7601
14400
13600
2900
10900
1400
21200
1300
11100
10399
12400
5900
17600
12300
5101
6799
5901
3000
14200
15300
11100
5399
3400
9500
6601
5099
4501
5200
6799
2400
7200
6999
7700
5600
2200
11299
1500
15900
18900
8199
17600
1900
4099
11400
11500
5600
4401
1201
12299
4400
15901
9100
9300
11000
6300
5899
10700
9700
12699
2600
18500
14500
10400
10500
6099
18699
3301
9100
8699
13500
15200
12900
10599
14800
2299
5500
1799
7901
10600
5600
1301
12400
5501
6401
5500
2000
8000
15599
1501
20201
13300
9500
2799
5399
12200
3800
3900
7600
2300
1999
10400
11900
3501
2300
10299
11801
8900
1299
7700
13400
11801
3501
10300
8500
8700
4400
2400
6400
2900
5100
10100
7100
5799
2600
6300
6000
3399
1400
4900
4500
96800
13500
5000
9401
19401
12601
6700
3899
7101
6800
8500
12801
10300
1699
11000
5399
7600
3300
8000
10800
12100
11100
6301
2900
1500
5600
18700
7699
3800
2800
5100
3200
3099
8699
4601
5400
3300
1600
1600
13200
3100
2300
5000
7200
8400
9399
8600
3100
7200
4100
15300
10500
18500
6100
4800
4400
15200
3100
14599
11799
3500
3001
2299
3000
9300
7499
7100
4800
9500
8499
2200
4599
6100
3400
2000
3300
2400
5001
12600
16000
4001
11800
3300
12400
9401
14999
5200
13500
12301
6200
7100
4200
10100
2900
3800
3000
14800
10500
6301
10600
10100
10400
11500
5700
16500
2401
11600
15099
11400
12400
13300
6100
11800
14800
7799
5499
9501
1400
10900
13199
15999
2000
11000
8300
3199
6800
2201
3000
8900
5600
7999
2600
7300
1400
16200
5400
3000
10801
9899
2501
3401
12701
2500
1600
8799
11100
8600
2100
11599
10499
4099
10200
7000
4900
9801
10400
8500
7500
5600
2000
3999
8900
2599
4800
9399
3301
9900
10201
2400
21299
2600
14699
4300
10000
9600
15200
14199
19199
9900
1601
10000
13700
9500
8901
1700
12900
10699
15300
3300
4701
3300
21200
9600
4700
10000
14499
4401
11200
6801
10699
13501
10201
15600
10000
4400
11800
11999
18299
8799
5499
4100
4401
7100
1300
15100
5300
8801
8700
19500
4900
12099
11299
10300
5700
15201
6001
3600
14200
18399
7501
13300
9999
13900
6999
12400
8299
17100
6899
4300
6301
3601
5300
4199
9100
3500
12700
12900
10000
14300
11301
5500
8799
7000
3800
2500
10701
6900
3900
14200
24500
15600
1100
6900
7100
1601
2400
12201
3900
1900
7001
5000
7700
7100
1900
2499
4899
3100
10600
11900
9301
2300
3000
12101
3100
11900
5701
7200
7899
10001
2099
12700
4900
3200
1500
11400
8500
8300
12001
1700
12400
11601
13400
16800
10600
15399
13399
13900
3199
8200
4201
2900
13599
14000
10201
11001
9601
8200
7200
5300
3800
1199
11000
9300
15800
8600
7700
8400
9100
12700
6801
4701
9801
7200
6000
3901
1099
4901
13200
5999
12699
9800
4300
11500
9199
3800
9300
8300
11000
3001
2000
12400
2900
9800
13800
13599
11700
1299
10801
4600
7300
8501
2201
1801
6901
12800
5601
15601
18899
9500
15501
11101
9299
2801
3800
8701
1199
13700
7399
2400
8501
4500
11699
3200
2199
4201
8600
3001
2801
9500
2200
4000
6301
11200
3300
13300
9399
1601
14600
8301
3901
7800
3800
15800
13600
3099
11199
5900
2599
4001
6101
4099
1199
2100
2099
3499
13000
8200
6801
2599
3300
4800
1200
14000
3300
10400
2200
1700
6100
12000
6800
6501
7400
8900
9300
8300
2800
3101
8700
4200
7401
9600
7800
6400
1300
2099
8999
9600
12299
8999
8701
5900
30900
2501
5800
5599
4100
7101
12300
1700
8700
5600
2900
10100
3800
5899
6400
1900
10000
10600
1299
10900
9099
16100
4800
19600
8899
7500
3000
1100
6101
4300
4600
10300
6001
4800
4800
9200
4001
4900
2000
1800
12599
7800
2001
9799
8300
3099
2600
1701
17099
3901
14600
4700
14699
2701
11000
7700
9899
2601
1199
7400
6700
5900
2100
7700
8800
1500
10900
7000
2400
16400
1700
11401
10899
6299
1000
3101
8600
12100
4700
12800
4201
6200
7100
10000
3000
4300
13801
4701
2300
1101
6600
7200
11900
6400
7200
8800
3300
11000
11799
12800
7100
1800
7900
16599
3499
7300
6600
13201
7200
2600
12801
7200
10200
9600
13401
10701
11000
2501
8801
12900
11500
3700
2900
12400
12900
6300
7801
3900
1600
16900
12200
12400
2900
5901
3900
10101
6500
1100
6500
11201
6600
9901
10400
2500
6900
1100
4001
1600
7000
13999
4499
25499
6899
7301
10101
2601
9100
17401
7799
7400
14100
9199
14700
1199
11500
4900
4501
11100
2499
1500
16900
4600
3600
9200
4200
3700
7600
14001
11101
10900
2899
7800
