34841
11545
4654
50698
29413
93582
64112
5277
57410
63837
21309
24954
81532
94902
4066
15787
9519
29147
93914
81756
51835
61937
83847
25313
94241
41436
36167
58582
68618
99498
51887
6778
74928
38132
36125
60819
35063
24054
6842
96987
22210
64117
39743
84559
48164
30732
88828
2289
62258
18558
23756
7500
61593
70355
27575
57847
19341
91196
52134
35641
56399
53847
23661
5519
42408
28863
22102
21684
73038
82178
53545
42206
79447
6389
26502
3585
68285
41176
41272
9842
86402
97467
40657
91410
2215
17152
26629
52109
10756
14047
6143
34018
26572
64431
99245
10457
3397
60854
1158
65784
78644
12
58717
96579
17584
54908
68786
91642
41196
5928
11647
48913
74732
68708
79897
65361
68957
24001
14412
48350
73007
70181
3513
72525
2685
38577
44990
4523
69060
46367
56673
87871
51863
67445
37634
70509
19453
55430
57564
49088
92430
25655
15118
83683
63365
97673
85138
84949
83789
78095
73710
61767
21104
58689
68086
95670
93467
20004
45601
49242
35280
43210
72048
30301
55351
80069
98985
86609
63736
25824
6383
19574
96344
74471
29431
64588
56899
2185
58694
19898
5462
91724
93399
37851
11337
57693
15052
23302
82514
96529
40800
85433
26614
97883
49924
46890
9910
19981
24440
75523
54009
82374
22953
10540
62527
68020
77114
13759
61329
72767
16143
36216
73156
95067
88947
83479
11304
86395
3678
46748
28168
76957
55678
45917
38108
7373
62843
26099
28086
55996
62535
57111
28323
79107
945
90135
66971
4232
99148
18914
49815
26031
27273
58900
84154
5040
48694
58223
60864
12269
85689
46204
23656
3566
33565
41082
57030
59938
28509
55170
91727
27089
70921
7120
51050
18500
81578
18497
56263
94325
57607
82022
41783
45348
71456
61620
40305
24066
59450
48839
1550
49591
83772
57554
77112
64405
36682
85060
15591
16734
35383
23217
86180
95415
64139
24042
15244
75360
27720
46392
32782
60728
2494
11394
18967
38110
98030
3634
5627
60067
90670
22914
27605
3175
14809
18074
52416
86765
90862
46734
15669
77691
51404
64383
17478
61356
73084
90939
91877
94697
90497
77935
7702
8761
28551
18712
30400
54362
17514
76653
38227
75361
14968
28853
98897
85079
57945
1480
59532
36732
58057
45421
26898
60655
17245
89456
15352
48055
75328
32141
93877
84578
26754
79194
31911
78435
91735
42060
93467
32294
13296
59641
88852
15825
93161
95859
72045
88994
29595
90165
82876
94564
84502
26260
33433
13073
19422
49916
84774
77605
6960
38093
9465
20777
42403
69701
76932
43115
59529
81891
56058
25711
62500
65379
48019
89043
59296
73681
96321
19830
72402
53748
30424
40872
85768
74808
25080
13943
18530
30916
85055
79661
31523
1134
32575
49284
33032
65368
89809
38446
35626
92241
55858
4302
39667
52817
32340
37376
43296
20803
68663
61205
71810
13425
27474
23198
85422
72717
65908
6025
8171
79438
57484
93682
59950
49917
7185
54901
19350
81552
25183
17877
29943
24106
29827
37607
98720
92657
79937
52840
42005
58308
31077
93730
50337
42892
94008
99341
33164
13767
85734
27111
77511
66164
60287
31160
24888
14870
74907
60216
11296
15923
43437
84806
41332
68961
87079
11908
97539
21421
42222
67389
64014
81897
67150
95831
1168
97741
95020
99328
38548
48089
45626
33875
83226
49097
77294
35672
66808
45684
10257
55452
21615
65799
78946
5496
98376
26619
32380
77032
53591
78163
73728
94324
26157
94910
363
96697
43496
96896
57955
98517
32104
4407
34773
5178
91655
70773
12374
68827
60206
1076
83992
78635
51380
36703
83589
98434
78474
59212
44416
90806
87733
44118
26628
40679
16084
6230
52071
38246
97411
56886
80454
39703
86888
85175
64754
37862
89147
87564
36776
84140
47308
24634
65017
12201
74003
28787
69026
13133
45143
73511
33092
63114
6366
15003
83055
38647
40226
95046
37932
3121
34838
25493
29275
85206
88109
29099
92402
17105
8345
23794
9907
78742
72697
18337
22925
57688
93148
70951
64720
98592
15153
79825
79150
97831
66807
75612
37354
50030
92840
5850
621
11299
76080
24079
62615
60712
48869
72872
16933
45573
55833
94427
53040
65119
24136
97430
12386
57024
95919
1003
2140
38207
3465
66237
50298
85616
93104
7907
32786
22387
79068
4349
69292
74534
68981
63203
24464
68435
55830
32321
3918
10538
56210
36276
48846
6610
45528
11677
76960
57324
85715
58092
12415
42679
30351
75969
54481
64961
26961
23090
66054
26845
20084
13564
57882
171
44535
50429
86505
32823
18975
5067
68285
53906
32825
31744
60561
85370
59248
18473
72230
21728
14404
18533
77697
79689
74686
37951
15335
50137
38080
45191
14090
74482
48484
30347
90149
20595
79211
44701
22572
10623
81250
98074
97630
33641
54837
60015
52687
5908
42780
84263
19156
93710
85298
33849
79470
87246
33333
96203
95473
8418
40231
7477
73658
88667
68875
51637
8261
53252
18162
34328
77488
30433
90093
61281
93752
17584
2836
77289
42394
36085
47439
9195
51864
58984
1765
73066
27445
85585
5850
74778
1183
92325
4834
96252
57327
86757
44821
81399
81969
84866
63577
88248
20788
52502
2573
52693
24966
38385
85865
91474
17344
48826
83832
58520
28400
11028
90703
97412
10185
43602
29582
15776
80493
79777
12321
9201
24522
84493
5842
13365
16310
68072
13543
31539
69458
87299
59808
5130
4877
85424
58473
58970
78276
7231
20098
83459
51696
37878
8644
53941
73698
46076
4362
81361
68794
52481
85630
14226
20161
17368
28852
87034
53395
28059
75461
86460
81151
83957
71521
5331
83395
64140
59415
15058
31213
43525
20102
36528
7802
12219
44051
21818
63141
2077
36199
91904
2875
17589
60695
1701
86149
76944
95101
12603
30971
83951
17523
61255
39111
6205
45896
18789
37800
95379
9775
55441
77245
53239
95002
67098
59031
22317
16941
15572
2819
65911
48083
70017
39186
73950
86813
77037
84668
89122
62383
21756
24254
46723
16509
62560
69936
38575
27167
7540
3145
28464
87382
70843
40627
55648
53838
41430
66131
9802
58112
77382
60529
84412
38287
28522
18492
84258
81269
55517
35227
44626
39276
9008
68396
11158
6244
48056
2057
19742
18843
25715
94618
58159
77147
34000
6854
86409
88353
49688
98583
59248
96752
68856
10809
73790
89182
11661
98046
35479
98181
10300
8819
83190
48062
5580
52475
82892
14012
33265
52886
58547
69121
44823
72443
36940
18189
81476
20493
6886
7765
9755
57736
62679
86278
16146
10861
43394
24290
53023
54259
75379
98443
60223
73148
97578
88075
91883
1723
48032
96863
50417
15332
19007
31917
85171
43836
3483
2632
91803
16908
85504
30261
40804
10135
40260
65112
75836
76603
13274
37359
13571
44771
87554
47984
31771
35671
62206
80536
40659
98472
65388
78660
36451
88993
31099
70483
5149
75000
31129
84018
96122
81972
12812
7282
36846
45727
37165
58573
9786
14616
70617
65050
63214
58214
43377
84726
41277
3358
17553
24252
23341
14408
88959
49156
7814
45186
27405
91198
19015
19328
42306
16234
15827
21354
54697
23222
39607
61348
88788
15862
21521
39345
91464
64006
35092
61158
32244
88231
54736
71575
1413
4407
18800
98288
50238
93058
62221
41913
11734
7729
6117
33545
43165
56915
68040
9300
75760
41267
41696
34411
42975
56255
80092
13058
29319
70156
25128
29416
53003
90424
78903
91520
18667
27221
41398
81226
95982
70110
50997
87798
29367
94633
76972
76875
63609
78613
86332
27456
76346
4259
16816
91183
9698
73880
28343
19307
46893
19237
21792
92782
45526
26012
64140
95468
57694
84649
22124
90859
33963
61954
62603
21643
10825
2795
95440
22350
35055
45276
78011
31272
28773
96283
72665
46848
39438
67678
57562
62398
1892
35149
73453
5493
80035
13267
15279
51639
4173
69466
58966
81585
80122
10508
63036
23589
2047
96908
95909
35293
97981
59694
16893
40360
3800
79197
80816
46384
37057
59043
65529
94278
95350
58234
18454
44917
63783
44954
49594
63152
83
59188
51415
28244
93283
29805
65103
9740
81801
73417
26814
10326
14974
34950
11891
73503
11600
33668
8936
62158
13519
14936
29396
23768
83607
14855
39741
44106
46030
40404
45127
96745
10178
66652
76660
91137
59066
44520
52976
19662
52660
3163
67216
56084
40146
72737
83075
46115
59484
87072
78023
73987
20324
45425
19732
64723
95133
88839
19750
35923
87212
76664
73496
53164
47163
77061
21024
25719
45309
4470
91151
41445
12855
78536
36622
21769
73761
46237
83499
26094
79042
2746
90590
47553
82528
64169
88375
96781
43323
30465
31799
14046
67179
9467
37543
30192
74963
6204
39656
78405
74914
65230
40132
88906
4831
88866
87470
91160
59301
17375
27434
52729
405
94956
12948
36623
48300
91162
19647
1302
64319
81607
81410
23922
22377
44833
70171
33157
16701
68590
30496
47293
88190
27605
43271
36307
30231
8578
73633
75323
83090
3309
11028
42084
22789
29410
69731
37715
55719
10443
70579
11014
88750
19870
72507
2637
68568
8020
98032
41920
30142
54390
25859
4482
15831
41326
52701
59649
56353
91320
31198
42634
30540
11308
23665
34030
61118
72907
7544
41754
51829
3942
95571
57303
58415
35296
93912
53793
33941
57414
22078
60573
56730
37204
88486
54504
77072
83916
97593
76640
22388
36778
60503
97987
54308
44313
15586
73780
11494
60003
57934
92376
68298
48055
6412
61065
11143
44614
3019
27873
53176
94745
33742
15993
31600
59807
1309
14014
74214
90585
26754
49581
49640
45996
11969
70067
19092
69968
9673
9839
14996
72781
63362
78652
89808
41415
47756
51525
56371
88705
18280
22532
82189
33372
67506
77852
65633
52179
27612
30928
49156
58968
27907
11617
6453
62626
28303
85758
3286
94085
40672
93519
44496
3235
82232
54685
49570
19798
95933
6234
50863
69230
83396
78821
83072
84636
55724
21563
50178
31038
8926
52900
46748
209
14333
69709
3767
72084
3030
29478
74593
50711
44926
8382
83165
38273
29995
59836
41554
72846
61033
37877
16902
12637
21811
17030
73683
44258
29675
31410
38210
42634
78063
89070
16887
964
50277
71693
22998
43463
15786
28899
71047
64979
53743
34220
13755
59546
59808
27024
32813
66270
17974
41911
90155
63518
79625
28283
63267
51873
83059
58124
51599
56975
91397
81360
95937
59661
87911
84121
38361
22040
95966
59750
82849
43423
13159
54066
78387
37174
70987
56993
96715
65709
76339
46637
8379
10988
42521
76797
3898
1234
68224
78718
93634
97709
69426
69105
58354
6040
86448
57571
25128
29302
68679
7166
58329
31871
37330
92008
11108
7926
63615
61433
22836
80965
58009
18496
94499
91412
58216
81243
31574
41526
13151
10837
63624
56778
29114
88392
12164
64601
37047
73944
76226
72198
38841
18852
8662
81644
15989
34543
64644
22947
1049
58340
95013
44887
1730
76843
61485
49814
7370
68473
55235
41979
48150
44654
78560
97039
94283
66587
81686
77741
13276
7256
6290
4933
14344
65627
37267
26071
98022
29236
84298
98177
42669
41911
94083
3008
73823
82813
16422
84927
80178
71601
39631
42956
91
56275
39535
65179
47031
91604
32382
96064
59575
45609
91108
92146
12391
95736
45260
13146
5111
9131
82811
39280
55750
9648
81184
97394
40993
20830
50471
57266
88997
49622
15022
10320
65765
58774
33753
21168
88442
90584
65087
29707
31812
60409
7787
86170
61130
52942
57544
24986
51083
95401
53948
60240
29745
78276
96645
85205
62031
47407
43203
9916
68294
17065
34253
65782
53080
45411
77515
68734
84082
45135
74847
68395
46416
4172
14289
96460
8903
94544
63160
70148
47930
20578
70976
71437
89330
49879
39878
81883
24849
86262
90525
82103
70042
50378
72260
72125
59668
30865
29756
19592
64041
73066
15290
97529
47817
4884
35312
42209
17136
14989
97870
91557
30820
36681
49221
53821
20044
11669
56820
73732
39811
36624
25722
2749
54309
84239
35387
4192
47557
29039
67157
58741
73147
8318
7067
82170
23713
5232
56931
50387
71993
32208
57762
80904
7702
27235
77346
2429
3412
57085
4333
91455
10821
27268
19892
26575
12091
41086
30599
15826
40012
79525
75181
42116
57454
12071
17236
63979
44843
50591
20919
51970
35480
83957
67375
13635
92714
97431
11549
83419
40030
36211
71302
5884
66484
60441
7580
78736
82127
43079
92479
74262
26087
7877
61353
11440
18499
4798
64628
97850
863
28023
73918
70384
52223
82639
56080
97578
9574
71996
23414
74490
2629
48465
68852
1543
16010
88725
14121
91007
71766
70235
46283
10378
64436
83952
22960
23664
36937
45020
88294
58624
81845
74534
30512
62439
46050
87546
60753
25776
11209
51062
51271
48868
36782
52233
2661
24911
88465
86785
28093
50074
89299
20075
35664
12916
6042
4828
79396
2976
68778
18690
76715
70247
72553
19312
64065
40391
16055
17943
60125
66903
87167
38435
88216
97879
55357
95191
11851
22821
60456
59768
64774
35330
32619
56349
24476
41476
16629
27373
8912
29904
23363
55470
74554
11870
94072
69935
5806
26585
31727
46522
68230
91000
87668
79685
85106
69523
8957
71785
67995
69585
27491
90833
39393
56562
20098
73011
65001
11368
8218
26602
10641
86273
48048
61858
58953
90866
87541
32293
78904
27774
56577
48790
18993
67388
76968
80661
96979
35877
64155
45057
91825
52740
87671
64046
2602
36034
43579
64823
81614
16523
64255
78126
75475
72299
97724
26452
19551
60949
83291
32054
82495
39243
26719
3027
91802
18361
79888
7184
72874
65994
84562
81389
63185
37184
850
83510
31428
44367
95819
93499
54179
10143
57754
31463
64167
22236
91524
78354
66064
37673
20984
67686
17277
7051
10622
84406
70484
42505
51587
33804
86032
12572
6727
14170
36949
67005
90162
36897
36402
3478
23334
26044
47505
63481
21345
60497
72869
23493
52531
53534
42172
94141
76140
17889
23342
51472
85202
29470
91102
58635
41240
26089
95500
77162
60910
67122
36907
21396
27389
50101
54728
24873
83504
22339
91581
7298
77290
12604
93095
40999
60823
70313
4127
37200
45873
3548
5319
66781
28046
22367
74964
56556
15397
96396
6344
63290
61267
29471
31295
37700
96313
41626
44217
53750
43964
37077
67038
5225
92292
88098
50527
62794
8833
24992
89935
29047
80524
23850
23069
54384
15335
91805
73066
75794
93345
65060
88791
73856
53473
28581
90889
5030
93305
86006
21653
76874
14638
30362
11983
21367
52171
72363
38639
9723
66080
2067
24027
93329
94150
56665
36256
89428
45296
96263
53853
94636
13349
19477
20187
58402
81173
24360
87754
72687
38053
57301
47008
76998
4108
44895
97206
92983
62348
86487
61206
87813
4334
16843
72967
51879
24830
31097
73438
47696
8703
7160
76219
40295
68483
43994
1606
88305
67322
12967
84596
62062
47582
85586
82283
14018
61464
86459
71028
9680
18285
16402
87090
88020
58208
23925
3141
18857
38580
96784
56955
33324
31909
39212
26868
87087
97641
23399
85866
16074
89949
24523
61947
20523
74302
92405
47781
58775
1574
46361
57269
46387
7936
93337
95994
26423
66193
13890
5645
20123
21748
95965
12288
76466
21113
54519
89272
79152
96169
47436
93936
2936
93346
39576
37289
12255
87095
20157
56726
95970
2684
68410
76535
53547
24824
25690
79969
2680
83230
89834
84057
37128
64554
77995
46198
21492
73293
4043
7809
85758
77293
76504
9754
13903
47917
8116
65226
81836
6728
88636
12659
23367
39724
23561
49688
14957
17949
82000
5084
91680
77939
1835
91276
2771
95386
37783
83689
17676
15286
65780
62411
11253
68144
39839
21892
52651
72785
48890
2685
58398
89313
48173
6001
52817
48090
49621
11149
97510
87443
15001
17222
72703
28156
76558
16610
12952
69029
53583
43627
1744
57639
37553
29022
86628
15287
80456
60239
39364
58394
49851
63898
65246
48754
84736
57151
7879
24556
77832
89214
15241
63014
45865
48557
19006
57284
32058
82129
58151
12298
51514
87781
35234
7958
30948
43583
47688
13264
46772
22630
1555
51022
52187
91769
48349
15735
38961
12984
34449
72180
49575
36142
17158
52999
22465
56492
21972
24727
20365
87099
63476
43280
90535
30495
56355
66868
16475
21806
26050
3004
52934
17985
84768
11127
52622
5232
40141
72880
38006
46651
7986
70038
61198
22312
94204
24940
33141
61242
24961
15955
11522
1156
41560
46209
43233
72220
46921
15096
44448
77273
80430
53580
40044
58412
11051
32426
82417
45904
57220
5590
48897
20484
87024
78679
47455
79539
57724
23667
68535
30918
31357
44986
10659
77977
89011
52669
69262
47849
41083
23156
3932
22433
35698
91595
67057
12822
69134
13194
23884
91255
95303
77484
60254
47722
62727
72907
75531
43870
64305
92287
84986
583
65311
17705
73452
87824
4350
97162
2197
97170
56986
20797
47956
94839
70749
47593
94872
61069
17125
21492
83509
39072
46075
13854
60079
77614
68505
95974
56440
31927
48680
95056
31499
52813
49807
79939
34783
59909
63702
11853
77434
32164
66401
87494
21513
84401
57992
61950
9666
68893
26240
67420
56847
95038
60801
66880
13931
71527
78731
70107
8997
67541
87077
48146
74022
95067
26044
3557
87199
1484
78229
44803
56020
72351
40015
75076
48598
74940
18262
44802
82725
8135
18223
58317
59176
58299
511
38610
59264
59692
24246
74895
80213
96184
93121
21594
75416
28970
51065
3235
64564
15387
59064
36275
83180
47099
95047
95275
72701
63580
51607
36722
8898
93555
7768
68828
22391
13857
38852
54116
85705
94445
63969
69174
32743
16914
82173
12650
5257
2687
38510
30088
73045
96588
20661
21297
28149
696
79574
19566
92182
57063
26899
66469
78395
69870
15860
18485
35562
43479
41193
80411
76554
62967
38904
79779
13788
32661
44587
18496
76838
32157
80288
56705
74141
75561
12240
74197
73223
67442
78283
80610
56677
56054
54748
58262
83029
34800
67526
58539
26294
58043
70793
78750
36614
63093
90486
18779
77410
50208
93430
56635
87555
70813
53100
41834
21556
3709
90569
86131
61245
50138
37082
94171
44834
26835
7479
70671
26157
68974
61917
29459
75216
63213
84980
21528
34731
27158
81606
44097
41003
76297
73829
53055
17197
46547
4789
4406
68100
46660
54117
26792
31406
78184
21269
22284
30791
78376
63704
89615
27454
6909
49383
54129
53788
13379
30341
60595
66044
61171
69524
87146
88151
11502
21526
23076
67876
14086
15892
28618
85961
84612
81053
7618
28404
15811
24295
81962
29393
40531
34787
79247
67252
15471
47552
81152
11615
40019
3681
83227
74142
2345
2363
36138
34416
85565
87828
46062
29023
11041
63925
67706
47212
93186
65225
29887
47007
51586
21596
51849
17506
74596
25352
90233
30684
80743
82915
15797
53381
64411
81582
81006
3019
88334
26613
88245
82620
46258
80821
73102
60948
62159
58784
94577
83960
87814
12899
72642
23592
35220
17037
47804
36857
59125
32488
38695
20803
54076
80392
78556
16005
47578
84825
2261
84255
16853
43004
90686
59241
79174
2378
28898
4826
87827
57964
65380
75315
37956
16848
88743
29503
69742
42044
38328
8442
58126
64504
63991
2800
50307
25137
10352
59223
25848
34730
84485
6953
8447
1605
33930
44765
20145
40716
94688
91520
11565
5145
62918
82265
72518
37474
27126
7479
47878
18403
77041
13033
29152
83813
62143
86510
59091
79864
90886
20753
43689
77136
84805
54766
47814
96847
35196
56387
83051
83582
6839
85259
55302
56243
82525
91512
51982
18424
68039
43286
5651
89451
32954
92294
25957
77762
40466
50374
84033
70459
22873
54763
50446
4437
77753
49493
24282
76095
92457
42031
71450
13856
17767
80985
17861
24153
64971
55638
75412
48106
20971
43727
65998
87727
7656
58226
18381
21546
84312
93270
69562
84823
40847
59681
50288
81907
86129
65053
38040
16046
22245
39513
71678
21805
19796
18529
23069
1055
23108
9639
58212
27099
69421
38779
75710
2930
87919
42687
83674
95428
50074
84975
38184
56211
12490
31260
96747
21469
56885
28961
22678
45260
18051
37948
68987
76217
15811
80100
84823
96557
12429
12645
44875
37164
32092
92572
50946
48253
73410
70219
93969
35445
35706
26156
52822
11989
63934
69656
59080
67649
8077
69164
96233
70530
52793
40654
8941
68720
58970
87931
22440
58556
26322
59520
54319
6442
13574
25814
56780
48935
59350
67087
94640
15727
1058
11290
94391
44513
83760
8281
2061
50946
3746
56181
2138
51838
58568
54561
32905
71163
81091
43636
71812
90588
7679
49246
28454
17336
41687
27751
27297
53744
66334
77433
25239
27652
11905
52679
56923
73513
76476
16698
46680
2577
88031
25195
31713
50338
45751
4415
75799
55971
36613
16718
59916
20587
70711
80157
4102
71388
35525
66904
12226
38065
76688
89210
37588
9853
28275
51616
76761
1879
73278
51044
5799
50134
41512
62063
80349
59406
63880
71084
19379
29740
81776
55619
28251
19827
79967
51099
77119
48015
40385
5991
13570
81523
1437
39148
36341
69912
112
11366
80661
3879
15833
21875
69233
57724
66781
86854
18894
7921
40671
649
41382
62752
44952
16249
49663
12136
58130
58993
53722
33421
75128
69188
50108
43632
9884
6490
871
3508
19008
63130
60977
23053
70394
73842
62858
78450
60990
49005
65112
13734
47986
25177
15449
86051
90049
9664
66787
29431
47837
70429
83769
64553
26681
23761
67290
35527
42719
4804
71361
46174
94527
4664
26668
6031
20252
52939
24348
68372
72367
46938
93372
72754
96067
4053
41496
1583
46608
90601
89251
16452
29924
62203
19254
19333
93548
42042
28109
25779
6171
2677
82725
25372
84922
29551
29493
33042
45556
62275
48215
69794
57017
29159
1221
2941
6870
11331
22548
19722
23984
6117
76727
79004
80411
62687
22883
64508
20669
83385
69666
91787
87812
62563
1690
70555
28148
63683
85302
55064
53902
47876
79275
40473
69686
86573
50519
17244
25441
77983
4345
71137
68312
43010
67130
224
43749
86826
34888
74764
8536
84756
32574
85489
81293
28485
49023
73793
96281
24574
87238
92764
27653
67292
46357
86436
65712
12312
67141
34895
37398
72888
20900
29403
22530
43643
60259
84870
10159
42059
26140
56659
79533
68480
76208
72431
31467
93189
51554
49930
30621
5037
18180
42487
75887
85280
55825
23222
18710
77082
30322
79413
81689
56554
24963
59077
12146
32084
5688
84042
91740
87785
13631
86343
32285
64514
4138
31796
42769
67994
45040
86058
34300
1027
27873
58952
65645
11525
37247
32379
53500
61424
91085
55882
4128
19841
6605
28496
70030
56136
30971
24402
18641
90110
19507
19692
79327
13443
13447
50791
54388
22248
7378
80754
36526
34155
22794
27610
41270
29281
26969
33510
65770
55868
17535
60913
24765
35580
67391
77449
61311
43007
63574
14678
29218
4383
46140
14095
31318
26408
79373
75396
28616
30055
5294
44451
54352
64743
46800
86869
82772
91951
61767
47719
87081
72108
39031
64484
78644
32066
70897
25805
10606
13669
17296
9679
31218
50987
29106
35554
24924
64703
20764
80660
76800
47509
44822
48593
2592
24657
56751
82272
15708
56255
82505
14889
39456
33399
85379
46758
52859
47602
26233
12752
4302
91977
38044
57066
11238
43646
14960
86938
95409
20640
4060
86111
46993
96378
66522
87133
79860
86945
26854
55875
39329
44334
92239
63027
73654
94787
17706
81125
82516
67052
32590
1644
43919
18728
6214
92029
29346
79214
53502
67204
44051
16027
32735
8837
27887
64670
49614
79003
20795
58645
86047
91830
66256
49460
58304
1436
95029
72141
32835
29034
1555
19561
5141
74775
86165
61406
14150
9190
72337
93671
15556
65600
88435
21238
41614
31860
37582
84655
71801
12390
94717
33623
39142
64901
84405
76510
4134
53486
88644
33418
78935
21909
53229
30731
30606
74671
27020
68186
33510
82326
46376
41067
12926
6019
41386
4815
51551
74462
18337
79597
61439
32169
25343
64050
57573
12611
57027
95594
84847
61336
10195
2291
91129
66409
60358
20829
28036
12870
23020
3872
38053
76395
54331
21222
57788
70296
25167
69357
8329
46852
35356
75024
54356
38803
56207
48552
86500
91966
42039
371
69310
53916
7523
94265
33517
28118
88850
87759
12552
2516
22678
2563
87470
6001
44901
77042
24182
74935
16106
11789
73
57616
29557
74310
18780
94442
21731
74008
44407
66037
34053
27336
66717
22267
48958
10002
33838
5854
51556
20193
66610
29388
78504
59042
43891
20652
81523
81883
76119
2258
66871
68697
38456
24647
65150
45810
90796
82532
35234
45166
9899
75009
6400
29606
73647
18800
23634
29676
67691
45267
29185
58776
3049
71726
67104
52046
74350
14024
64537
21801
49925
36007
87762
83747
45148
78076
83980
58261
95034
82356
30527
19839
80625
71994
13461
11085
23986
22796
73182
38682
73519
22425
18380
66120
32595
93079
73457
69623
23024
84095
66074
86311
30968
62575
6060
46951
7820
26266
83122
37426
36325
46513
85493
8684
69691
6153
92352
18812
56010
22521
36110
33888
22981
33532
23739
7968
36913
43228
39180
40797
88643
34529
89667
26344
27554
91470
46023
88208
57850
76261
92421
11844
70332
88973
21025
26977
9109
84666
63332
16287
16281
8372
91698
29287
27848
12411
54543
2309
81062
5201
80187
5211
22636
40351
12464
71803
3473
73836
24525
86353
84302
93669
87641
48896
27768
49608
18256
37424
40948
60521
56214
18920
30246
27
81042
58685
27348
31763
81791
95253
63683
18857
62895
19809
79722
47425
39228
33738
43436
12866
57225
73188
41182
1626
8385
78883
51524
13734
79891
61881
55862
44512
20578
85006
65361
71780
21039
73038
4552
94872
42541
58725
46576
56434
4069
16731
29331
637
93308
92371
62925
7355
95659
1984
77703
54659
63186
91243
68136
90929
4600
42141
46968
73423
48579
28742
2819
25281
72003
42014
53271
54705
72254
76300
65672
67909
40612
29040
4186
840
16180
69079
18266
58160
2547
44634
81615
76379
93599
54340
56155
81594
91577
7775
38843
21016
54446
22263
72388
67342
61840
8792
4961
81277
55829
10014
52469
29662
14140
13665
94329
65061
42303
12642
94673
65365
56993
34696
43052
93781
57022
28860
75029
46045
46909
65779
10089
12011
35470
52625
4308
58645
61645
78640
49036
4076
70919
15101
30697
71180
27509
3603
28588
8780
95794
57714
4264
46072
2086
47986
44891
95403
3137
39126
64916
72256
5873
67106
89949
84787
17224
71908
76100
50568
17818
70447
12951
69927
90040
65877
24788
30569
10923
78895
7849
7559
28984
74258
809
42954
21061
43390
46329
69679
4188
48199
81538
87570
67935
72573
39641
44444
4368
86885
5774
91889
24344
85736
70392
90744
43196
36958
56686
14957
5042
44870
65224
70409
75415
44618
23605
85685
57897
53418
24778
35388
41541
78857
64456
84980
78136
35902
26253
63859
4738
29953
11212
51427
10157
21518
93848
81130
16182
25648
26732
91365
48815
95112
62766
55159
36841
74209
13372
11595
76604
13984
7834
56903
37581
8563
72256
15885
78673
8178
95098
52137
53169
93656
15406
85320
47134
10546
6732
21621
53002
58566
88120
18446
65009
74408
85939
14710
37922
57489
51334
75621
31418
53481
5417
38120
47947
74378
19269
37995
20917
15688
84827
91413
34530
72201
15282
46231
64900
22143
32880
67183
75390
41683
85402
4578
28120
26167
2104
87279
33711
11072
57327
19292
69001
43370
44144
86139
73617
85583
87698
33224
2388
88094
36594
30457
93840
44831
10150
69654
14038
8231
22047
67296
51540
26235
47260
23010
9188
71652
17660
93733
76988
91865
28307
3771
83170
5765
5836
48335
39412
56889
48488
94358
50222
243
25430
35151
44273
81660
74
21269
77240
78104
52759
53117
51169
51616
58414
68635
43189
42372
15948
1506
77509
42848
23487
85035
63670
3619
32075
39605
75176
81053
41274
46658
44783
8591
5728
30469
78174
23614
6161
65428
87682
73820
22304
90633
66360
15568
48097
74083
31067
55485
23107
58383
21805
56202
93033
80887
10692
54569
48997
93605
10208
73633
38584
81642
94548
31554
2595
72308
54374
90403
13689
33947
12109
734
64175
6284
44334
29522
47201
39237
79743
4949
33197
44024
83265
25949
38231
95635
80736
95243
33157
6068
49841
53559
79007
44864
66419
47218
82262
61545
6827
25209
8794
26134
40619
75925
75079
17862
76167
4896
83112
49562
22935
55085
46301
77457
51700
40384
85753
74160
89834
44677
22637
29736
39854
82220
21439
31281
39962
79864
1732
53869
72234
15566
6477
19692
12166
17665
35912
37256
51334
15643
61146
4877
54749
87170
38840
3813
95299
92642
66149
43050
12818
66791
83699
35360
90892
19786
5320
11957
14000
13618
77293
45605
83630
51238
81893
56146
14289
66352
82629
14461
1440
86084
23981
27625
76908
28897
76550
67128
8306
50784
62638
59408
62776
10115
86749
41118
35071
9819
68867
40484
51345
88706
10040
8611
27228
81972
92162
67145
38236
23165
27371
5630
60265
23037
32499
66995
18320
65816
27246
73045
52860
11579
51344
66537
45321
23979
72184
61043
67707
89320
67488
83933
54797
92652
59410
47141
11688
60042
33405
35239
24999
33544
88251
94299
9956
31253
78789
6661
35894
64137
58230
55159
80702
76053
4443
71896
70452
77190
52914
92013
39283
71700
34040
77792
39216
18582
22506
39814
76286
74988
34228
43833
39426
79204
8518
67512
150
63853
55483
28088
92456
91556
91843
13243
73780
74682
24581
74580
1156
87694
68720
90602
35644
86059
63570
17272
36299
37412
41939
20422
90561
36986
56409
76956
94089
61283
54629
50924
28674
81515
14729
18969
44292
72247
93997
48516
81882
9001
93352
10295
18155
74430
14655
23960
74857
9016
55457
33111
52377
42476
55083
5681
54845
37453
17065
73315
65513
53722
85432
1128
13614
70835
57809
16383
28952
26459
39580
70509
11491
44807
6389
48590
34429
56213
85184
67350
41935
112
8096
75224
29461
34834
83063
63615
59776
13631
80612
47526
569
43236
39232
86748
64268
71885
46427
34152
76942
29440
54400
5917
2451
73248
23100
48828
33364
23574
52217
16713
15426
6603
50397
35367
30529
47614
16028
94633
72908
43308
14137
52447
55329
11613
11902
13262
72064
70373
63710
61631
18529
30668
85002
22701
15952
34815
6179
26991
65385
17394
90319
55600
57077
38878
85329
60710
80337
23459
17309
83307
71846
51279
47517
74177
60893
60083
59921
94783
26287
77570
17042
48647
93010
27352
93660
24587
28612
41103
19504
81422
94821
82419
46274
41761
54109
72858
22046
67909
69687
37559
27713
52023
36433
49164
85551
44582
58025
76810
86308
58483
49389
14098
26727
75420
13463
57768
70201
7593
81707
77418
27771
8094
60487
76979
23354
89342
53294
13506
83538
5976
66336
11764
70386
65811
43794
94425
26852
13455
71405
52607
92137
36424
2286
63888
80789
28865
58578
70215
51488
62905
28523
87887
76540
68201
21747
46591
34516
68560
19739
17948
47769
75454
78997
40677
50085
21908
73845
7868
90030
83860
50138
52475
88139
93792
93925
508
19050
25497
39861
37364
69118
89354
91134
66359
19350
56070
2493
74971
9127
34978
697
71779
57309
28894
74737
41231
35442
83355
90245
50686
70296
91139
15843
65180
23725
70043
31703
22694
48508
29780
54686
10918
33907
87911
90264
31150
13163
63731
15005
69169
71715
26496
80220
95130
64005
21187
93240
8373
28697
28912
76735
22687
2096
53591
61735
72850
40510
30499
50439
82468
28006
78280
71832
85877
89690
51145
91991
74021
59859
28460
27508
75932
75907
50122
49495
2726
90465
59259
47498
33980
10816
60257
60975
70082
19228
20871
65788
53656
54557
39478
28075
59154
74184
86176
57819
72035
75784
80172
32973
56929
75780
215
80772
17938
2000
68571
2943
67225
22501
17779
8127
20945
87071
38391
77240
66842
61424
61905
59626
61838
20471
6811
12820
6973
21006
84136
64488
23855
9044
82859
45670
49554
13748
1295
58811
11544
62005
52084
58856
82271
16689
72347
88583
49543
79301
84324
51927
60140
78255
69712
84355
81075
17822
9438
16585
92787
14787
30813
68637
61593
59999
56217
59112
20697
66458
34207
22216
75174
93503
83870
10213
34444
16995
82587
21771
36484
8370
74703
92663
11422
88215
16492
5620
157
41933
86356
5964
9756
51722
70231
54216
24141
90380
46197
8685
5743
94704
74704
28271
66315
1979
65757
20587
20700
15604
69556
72338
35660
8467
89894
88342
70989
43308
46166
46770
75208
67717
10466
43890
24844
81503
38359
18131
63791
85716
51632
51785
81699
58766
49734
12552
24211
33901
66892
73966
64711
17450
83703
15620
10089
49997
73753
87374
11082
26146
87663
78156
48344
41541
4530
56606
51619
82597
54621
1724
7055
6393
45541
36793
30746
86308
8051
60219
39145
93768
94409
72161
38695
18821
6437
42021
40524
18658
23587
38419
9445
23589
14887
48062
83791
73576
92115
31301
45834
29472
4195
36366
28868
39580
26743
90353
31772
42820
79611
57981
20775
62577
45429
64889
38730
19395
34716
30317
7248
45531
29412
1522
37241
52379
91700
81476
73863
76726
10765
75739
60584
47116
24977
93502
13444
82570
37240
41637
93405
4794
63770
89169
38364
7793
11192
32010
63091
55462
31079
86612
92684
43731
29656
23159
55410
80298
20785
77102
89993
60578
69856
64820
41427
68228
70697
75166
9345
30045
92428
71552
50273
56809
23285
42890
52007
31809
9569
61031
48443
51428
51245
80915
67711
18657
1831
70334
62713
8795
21418
35340
87582
20703
77306
31939
19249
14542
14892
18480
48873
27926
30328
76023
60950
13487
30069
84182
54871
87125
92754
75333
11655
52710
55635
44436
71598
23526
90371
94314
64811
32802
86410
67283
59748
22726
31779
82188
18647
36403
87825
73570
60435
75424
87292
76885
11733
3088
75319
58685
41106
5082
53092
73048
72185
1202
5960
10693
84693
67859
51082
27608
81778
37259
91324
11582
1986
66786
77943
22677
64958
92840
13000
60850
62817
3712
74644
91104
3744
60325
35502
54549
52874
39599
1200
34163
55756
52716
38089
92785
36642
34139
46691
4355
81129
43799
62915
40653
20066
6741
83791
8736
58840
31332
91663
70087
5705
86441
52812
43113
1635
18577
44713
43775
87458
14735
50390
67307
78082
77871
16253
9204
39423
66676
44109
240
26352
92950
6211
36828
89754
83390
55407
47618
40408
18748
68844
52418
45720
60706
18781
62007
27322
53116
27665
38892
31812
50657
79192
26867
2885
26530
70416
2278
26470
78165
38081
52955
70258
28323
37990
57067
20334
44909
39499
33710
39243
1038
23025
12277
79730
86266
7630
2396
40534
40135
57400
89683
37589
49165
9558
23744
34624
42419
55522
12796
30580
71813
31172
77176
12599
19005
44411
67442
21676
19522
6872
12681
7458
87899
27553
53765
28266
6199
72936
12837
79318
86958
46423
80360
51135
58692
32150
82470
17704
47799
72060
18380
89982
26925
65197
92530
72012
16968
61500
10002
54914
61741
76481
20039
29602
1813
1343
46279
70632
23266
32832
64357
85692
49385
26974
26399
17616
7743
47379
53753
17736
38328
20657
36620
56000
89750
70420
36182
3125
62610
79264
24729
79285
72149
52021
40715
66693
63588
14655
85874
61647
46824
65138
62433
2044
531
13829
89332
83407
68593
83590
76140
89895
966
25007
43583
13060
74060
10856
60831
52246
73646
47906
63337
21997
6564
3531
87402
81419
7646
51993
90478
68101
52950
12144
68941
93031
79914
62306
87875
40323
19217
73235
50420
25770
77316
71890
52401
16386
13240
25940
42650
31045
5670
6564
5641
60083
54768
88616
69192
36399
39316
6657
58091
22687
84747
47096
19973
60542
65269
5732
35957
86219
80260
53133
6852
64075
59534
71412
90318
51581
31425
75034
54499
4008
30478
76321
64973
87579
47061
82234
86424
43379
42768
41329
72077
58893
33257
78678
27988
3569
49365
92098
29969
20779
3666
90741
85777
20359
75251
82334
53175
81351
78342
73643
77957
79798
60458
42475
36097
14845
16857
39000
93215
81778
75807
10934
13269
41646
18275
59024
81079
19418
87728
36021
40882
41918
23610
69727
24591
85958
52312
84227
76346
18827
8840
57373
84734
88955
52516
77131
70210
20217
47455
91673
30145
37048
78172
65512
8665
39310
67668
61100
79209
2922
3872
86277
27822
11722
43981
45980
34546
92160
33795
33019
51441
7606
39845
72442
1623
83205
87228
49470
5258
10156
74413
36451
86625
56906
33412
58875
53655
24608
52821
17527
61215
66484
56138
57247
77961
75925
22036
13976
64237
88666
9498
63315
28807
19192
25060
89938
90487
51286
89989
80918
71499
26407
37448
87248
21764
37145
43196
51696
56570
66543
20895
8780
34045
51865
69176
65590
71761
16150
81648
40448
55732
10202
62174
6489
15896
39184
11634
38312
66880
66898
68185
82737
48608
10837
77037
81171
26685
11317
68660
11448
56538
9450
42796
14223
91830
16251
55794
24399
72223
63250
84229
89902
88829
91089
28161
10758
64212
86779
77644
12390
55534
55064
3524
29633
37733
42565
19527
5005
53762
84225
88739
25011
7791
81053
41577
50170
60935
81622
62332
56609
48960
82564
82358
18988
23546
8039
24055
21536
76907
38777
719
44115
8623
83155
87420
36847
29810
20531
44461
59052
82548
5361
25735
74395
6378
35945
34847
9584
4828
74114
88660
9734
33359
76663
28920
20448
68000
81619
68124
45665
29010
87138
72005
4938
17605
4538
19551
80358
37608
20974
64035
10849
15562
88008
43852
17958
83105
3654
57621
36612
78528
43734
9124
9874
34300
32782
38322
70648
6498
88280
62196
3596
66803
88377
68523
38357
45044
39795
80544
56654
74601
65724
15666
20057
29606
248
72966
46223
18098
9762
81156
35873
41000
35583
60683
78627
52179
91987
24321
45293
78453
53180
5925
35116
73480
78719
8602
41531
33146
15196
91155
19052
70863
90117
92422
42776
59213
94099
25662
61141
62692
54612
52908
42809
74920
6108
41669
4226
14224
11566
60782
62733
59725
86896
41588
291
8268
74139
89153
32705
42921
48124
91318
48535
87285
31581
81089
33720
17475
70321
44156
20929
83671
67917
52016
85829
40851
69102
14934
89838
74220
6261
839
70354
87709
81308
44809
27133
20743
93011
25749
35055
75861
48576
23351
40495
7951
46558
90917
53830
61275
19383
17754
3350
28703
89189
83456
1040
76894
38179
63936
65350
76733
41640
70131
59287
2330
62321
63778
49628
22765
36375
4597
26860
12452
53603
66942
72088
30509
78356
65310
20168
26954
17149
27668
23433
56920
2971
21740
16647
85909
58140
14951
60288
58925
59986
68857
34216
31224
74840
7005
19281
5423
22711
59301
20092
52696
60203
78521
73019
93951
24281
15917
49871
13347
80135
158
25444
3407
86492
7362
70939
1083
30428
48704
6493
92183
92967
31947
21115
85610
13388
69728
31231
88079
86562
60254
49190
18773
6954
5335
76093
8554
9885
44830
20413
2299
19479
72813
46686
15494
10108
39274
52795
42109
8468
73553
20099
50047
61761
56160
7994
86437
70491
30802
74844
76311
20473
45297
82543
24376
92877
22328
90731
41404
42207
68525
74825
56566
85483
27689
2089
24607
17450
80905
49765
19718
88238
31822
52253
72969
11386
68762
70808
2269
27103
93895
85375
59170
10535
49685
62531
35781
72537
42520
24571
47679
33996
56946
64549
70023
14138
83698
48439
93429
28537
56343
27130
83716
2184
84397
53300
87869
5820
55287
20958
23141
23229
83863
93423
39276
53315
27649
43704
78360
28295
31871
80423
72014
58198
29350
57699
16116
71371
51720
79904
43864
27444
51505
42190
63649
22990
9078
59235
64020
90321
39144
63298
67410
78425
64890
41151
76017
44627
3813
27962
26356
91717
48457
79457
44633
39440
86151
45616
59918
26908
70255
14780
89672
40698
5248
71622
31161
80276
29393
47257
90237
90061
2352
70321
83639
93401
64004
70888
63117
23440
84272
64961
19686
15624
67517
65639
58580
84891
63658
37332
12844
1206
54521
40551
67234
40640
58452
55854
58617
61322
667
47902
23095
72126
92769
91314
29354
91706
20427
84197
27633
35849
59861
89695
73186
32391
89089
31098
88952
62665
82090
7034
79632
88998
83618
32627
24868
24746
48288
18947
7757
28513
43086
79671
21064
19576
2127
82002
68509
39639
32022
42374
16151
37603
29067
66493
21299
63663
53657
71778
543
28649
40860
35762
27663
20183
58717
23365
78512
73295
13250
22975
86977
49428
42164
6954
512
26251
47462
84756
50244
81050
85767
1559
91733
36728
3549
19929
9382
60831
80589
20089
28219
66167
46023
1877
44108
68175
22784
2295
30821
20409
88910
56703
92640
59809
37882
74092
81453
63725
5675
81100
51956
37536
1156
73616
23518
81053
47448
40819
48918
73748
5719
59261
81171
53255
61139
79512
43692
87211
28643
40643
9487
66976
58207
20463
40399
93699
17799
72634
27328
39279
36889
39383
56449
7928
31259
26111
38410
85323
60662
90121
18216
55937
40732
24820
4371
51917
70017
34360
63779
37991
7049
8458
68822
89244
84048
77437
497
12981
46675
54122
39210
72769
78844
88205
6079
91093
65374
62067
76098
16016
68908
44546
70264
85684
22068
62642
5675
22756
21829
60711
72692
4732
32259
38718
85195
53279
13085
67054
8211
50423
56887
49454
36458
76606
43756
8782
56257
89121
41466
87456
80132
3811
54957
90619
84794
7318
85332
87860
43892
18233
21097
89309
67540
24271
10947
14012
14484
43645
90901
59641
90425
65725
83845
19265
1176
42894
55170
92852
7132
77643
80661
40764
63294
29736
50143
13357
34681
21877
90397
48249
48020
56216
77961
81832
23623
91707
43312
72871
81099
20257
59091
62545
3719
4151
39055
16653
75616
4124
44116
42099
22755
77122
69643
89338
59742
77654
8371
59936
82394
9480
3278
72570
79349
7123
12052
30921
29936
7099
19118
88720
57047
70120
83038
39777
57360
61539
3588
25930
6766
2007
36215
35132
73836
2863
54920
80351
76994
89939
41165
46583
26440
70514
77027
52101
93054
14275
83068
43666
23412
64682
29430
68691
8612
56142
43661
38919
64993
43190
87740
79374
37770
4896
5564
58012
10696
84685
57200
88819
86665
78854
47030
47766
83608
56890
55545
57410
26251
60296
49609
74154
24647
15512
44540
13111
90766
26719
30363
26322
26629
9233
61930
89493
4165
80522
53011
18430
39662
53747
31102
58925
64984
88861
74574
42756
28550
80903
7708
5004
93124
40767
36787
51088
53836
29134
85601
53147
91745
58128
43202
76635
9257
19293
7639
14910
87346
70666
17915
12120
28752
87528
81700
63521
77593
34326
13845
76843
78301
24567
4161
67410
71481
47084
26164
78006
89400
80003
70198
43197
31521
65827
38461
21643
12545
13992
12384
74998
2052
24610
71091
51875
92483
48658
81164
17818
37989
4262
78918
37943
48322
25153
32929
86650
10942
56994
37275
49562
74431
47701
46293
32028
1059
33879
63033
12542
86816
73588
58252
83642
59041
24433
21812
57142
24538
60193
7334
5105
83501
80358
27477
14633
36249
74254
48300
13408
28368
66626
45214
70751
46788
19079
69200
12901
47718
19334
26597
67225
49963
48203
34239
81153
84745
27224
31561
59805
88106
32265
6604
73557
51668
71164
88971
1162
12957
78289
60729
63740
8054
21120
1610
66489
13932
10339
38704
71731
76670
3822
24698
2713
53654
52720
60204
32391
40718
85673
15869
38288
36935
2796
31551
20238
78722
51804
28410
21268
5500
36053
3623
79170
17816
48056
2074
43593
27290
70216
31368
44595
25403
11016
2991
52921
460
16746
24665
89412
16661
17774
4774
3140
14532
6587
24187
15255
34147
3610
7835
76898
7991
6141
40400
26856
90366
65100
46271
27195
40964
33481
88370
74270
61913
49050
32478
28884
20026
11665
25892
44716
27371
22
44399
58942
68087
40010
48860
66965
83259
44986
38759
19955
82925
62352
55130
68826
9452
43518
67134
41413
87500
68310
30811
41958
69344
32389
11742
40074
33596
28281
41135
33818
559
84768
89299
69287
15665
77617
3620
11713
87891
39570
90378
71577
61368
20332
57892
55439
37762
75396
8713
63000
35670
33637
21174
6428
39649
17133
14158
39480
71349
64040
59388
31347
51541
76986
54273
34691
3145
37024
87939
31692
32785
91129
17953
40799
63004
83432
29989
45259
14073
11615
87449
4892
8023
74911
45389
7124
7271
51763
11718
83652
9226
58208
63574
6678
53097
70664
37762
25246
45137
90246
33403
27480
23335
15458
23275
48064
2319
26123
25207
82343
36259
46780
60706
16396
84931
68028
78193
87521
24926
4084
44618
19654
88095
31292
6715
43981
5519
24644
61006
75222
66717
16866
49354
44595
77884
57791
43799
53052
67059
71733
65221
12752
89826
327
54048
51966
76846
74065
65518
74600
44682
48941
39107
75660
21695
76068
20677
42750
56148
1418
59310
11300
25475
6984
44711
45018
70312
68729
10618
39009
70852
65864
70611
19247
66477
18097
22983
30019
6235
68403
90211
65328
22063
86567
51525
46771
33503
41937
65584
72326
86362
64142
42149
60387
74837
26795
79260
65671
2335
71411
15802
39402
62176
70002
44914
89973
59200
47165
13699
36300
31199
75440
22561
64104
39265
55111
84099
14079
64019
77618
17512
84656
78935
12156
57402
36780
25351
56640
70223
27437
11722
79944
80772
50608
21608
16082
14974
16723
92404
57763
3401
30007
83453
52019
85931
13355
35416
73748
92430
66737
58742
52039
9582
14807
49622
57344
92548
14298
36111
32761
27415
4083
85731
30579
49144
88982
73579
185
88602
61964
45103
78614
72437
21489
24858
71857
55933
55473
21881
68216
24212
57800
66773
20364
3002
24801
83683
22506
18230
31200
7679
31812
44254
80574
37264
68750
58338
74212
25979
83728
33821
31188
50783
91808
20986
54818
80154
3910
29846
33114
3127
62236
9990
39482
33580
27590
67492
47453
21218
12261
73228
25107
20331
42875
793
59940
11364
75381
42832
14922
78845
83300
55571
42917
37515
91934
67015
80424
89841
8049
25194
10579
58426
36456
64569
64449
53118
38628
15746
57834
53411
38411
22757
63007
24777
17834
14223
3278
62351
18907
4286
40740
41461
71273
48348
68077
39319
16970
74182
16908
10626
30308
84019
4725
72022
74728
35070
74452
48920
17741
50826
54814
52475
10009
66650
58330
31626
56260
1685
33766
33549
11333
81055
85708
91166
1022
17397
1755
3371
34951
54768
25378
41681
88280
61833
34717
24323
47418
18442
44046
27166
8142
75401
45520
21317
74537
90816
48842
83525
32940
7856
89035
85875
8330
42809
31274
50205
20338
69140
10671
59763
74272
75706
86852
12372
18413
878
50451
19126
17135
18520
18979
6611
51049
60505
73346
92712
48059
69100
58527
73484
66817
89402
33897
9999
3473
23241
72910
55661
66761
51636
281
3723
56300
50261
32828
27405
48331
38309
38856
24701
82103
26399
34219
9484
9732
52325
83185
4198
19227
39676
14150
19508
18622
38649
11542
35863
77073
844
15104
76468
85970
50329
30399
45668
87172
28066
39617
289
31986
55242
8005
75534
43576
86991
29294
31916
33132
62458
17714
30002
17109
74921
79148
32145
36405
28066
80719
70161
59884
46962
35295
64284
32125
39321
42368
5681
71916
83468
294
49379
8143
49887
40867
26816
38538
45333
24159
10520
50353
91129
30776
92097
2661
13884
28528
84502
76971
18980
34378
42095
67384
9068
20205
78585
29414
20002
39576
80142
87908
68108
71805
24344
80209
74788
57830
46339
15682
23278
62001
44988
6967
80541
64898
84917
20865
17242
74768
51384
13252
69554
27045
22709
41729
66746
69473
90696
62734
37621
59934
86671
76789
44810
49094
68948
37152
48273
67502
40903
79497
41218
40594
83196
54026
49846
24074
47036
12070
56944
79802
57162
39112
16694
28440
58909
6756
12665
76363
7365
42921
60063
47956
1672
76471
9093
9661
81738
1251
78085
11661
47560
52353
13102
72380
85699
86841
8639
7342
72629
64826
8080
17430
72866
71218
85093
75971
78316
64417
10745
59482
39059
21925
71564
3742
28541
61950
36236
17255
16591
33782
1436
82828
5955
82105
78590
13818
9470
76036
84954
39009
40340
44280
843
55704
3825
38408
27855
30692
15779
18479
72120
17967
55152
76440
57738
39864
19623
62388
90247
8256
58007
73502
42198
64618
41711
89989
44045
28029
18240
9823
66581
69033
86017
31504
30880
57363
13934
32568
76852
65225
90225
87764
77477
35699
1677
75840
20081
4915
18000
33136
42339
51914
54197
40299
83489
77432
2083
61417
82273
14730
88886
63265
739
21926
46584
71448
52456
60927
32427
6501
51646
59725
29357
59953
58628
78833
74353
23865
88511
8090
4646
64604
81110
8259
36206
75850
54287
6637
55661
80075
64676
27469
23804
66548
7716
42726
2133
31608
82452
60154
70909
64614
29493
40691
47934
38355
57693
72643
22550
63558
67649
5124
12604
67225
81984
20047
50902
85791
25652
77274
86348
39392
63303
89894
82013
54181
53889
40805
55677
83136
9695
37041
26039
3143
58459
46870
45153
22481
3311
91162
92113
62231
60259
77893
37818
10793
6116
37263
37488
16623
85779
50358
5957
18710
70926
66086
3622
67517
34301
42813
31946
39997
1740
16818
43823
36722
73943
73259
19231
68374
20209
81488
91381
44329
50403
1856
77576
62429
83007
48912
87809
4379
43788
81120
72494
33892
85282
6077
77235
10167
25795
89196
63478
63945
36385
83356
49878
25906
71463
12028
2665
85057
78371
80161
8135
77683
10221
40726
32179
90570
41947
61626
27581
44891
15949
17376
21657
31428
12343
34856
7144
42627
44580
47968
40080
11959
78692
2576
64419
23231
88933
4697
21045
18889
71999
26580
78403
70171
47893
86450
45993
14240
59915
18505
70615
38944
23492
44742
78005
25882
215
75775
82104
57833
64256
82269
19361
42210
30551
29085
91944
89807
80220
71354
26377
73422
74183
24953
27028
31660
36334
913
76332
2553
39940
9846
44212
91234
79293
77866
25697
43150
22447
41701
66247
48158
87524
9633
2027
37565
21353
85624
81146
26507
2698
25925
75364
44977
46446
71140
91415
69598
84922
64658
10823
38959
34925
6414
43368
83136
89967
39314
67908
69428
32037
63121
64787
58652
36822
41498
4963
55242
62444
45736
83404
68471
4110
20350
14890
7388
3027
37716
75496
87122
53281
48324
40770
62602
29145
90324
1558
35570
60768
8221
4935
61240
40010
90454
59870
90931
30534
4379
38926
9456
15455
44733
88147
92103
66804
40578
31972
2362
9756
15030
74842
66237
40047
45235
19489
32900
70087
25757
79795
46183
49736
11696
48771
58578
1192
37667
55668
55482
23042
88673
34519
33514
68621
6807
7299
76799
70967
82152
60316
75745
2663
85971
46154
45113
30232
26638
25269
36108
77266
27637
61602
58951
63767
70456
89645
11924
67194
61913
3475
57911
26737
55643
59554
26914
42035
5660
53711
67888
31382
49523
91052
89034
12737
85163
72852
52383
54479
60968
58840
54329
22874
76615
58072
29349
46705
21053
88731
57690
7737
26339
79677
69483
59453
17849
7619
60013
40582
44870
73100
48512
48497
86343
75986
3404
15808
21630
32211
27691
87538
57582
72084
41872
1360
71161
70249
27275
68884
13232
23303
25446
90809
87237
74190
35354
29997
16525
76894
4037
5655
5801
77198
22927
8125
19793
80272
88811
26543
1061
62252
58184
77819
54210
8184
86323
62511
4695
18649
18508
26259
44540
46188
46050
21463
87279
39036
30956
51650
52954
85676
78364
48726
30459
58216
18743
76273
40309
23501
52582
85371
25541
81227
28942
26018
45889
51252
63632
3401
89148
76187
36573
8986
62414
21550
60868
65232
63751
56009
180
41687
23179
77815
77357
22
67871
13615
18980
18603
66838
16954
30222
52636
11451
17635
37196
8931
72289
13200
13472
40458
39327
40020
79581
68699
56160
24946
71795
24555
24504
4569
5164
86263
63192
61721
57480
76854
71014
10647
69599
73199
39095
52909
44473
86661
76011
22921
90251
3064
39023
58444
44235
44443
13954
4759
74349
46651
59795
45402
63503
72199
792
42514
83290
75550
24670
30089
80491
69744
10925
41491
84119
53060
21931
42828
16217
70735
7955
56481
76965
86272
69022
2689
47153
27414
88670
41961
89302
36553
56593
81700
7075
74112
86398
590
88097
19749
34355
77883
65632
34989
52710
36152
3372
40523
69823
74773
44243
29535
52715
25022
44413
8595
66176
68065
84821
88878
33350
55662
20150
11191
18576
38031
91163
18227
41027
8913
9947
36980
90821
33743
46156
1111
89268
69274
50699
29096
70953
5522
55087
45950
69664
61581
57064
70365
991
6666
53949
75316
4594
53418
63539
12372
15790
91507
34656
37560
24152
50336
56927
89155
23949
56705
18242
30735
42024
70028
621
450
56405
19406
33905
19587
40292
28754
74805
89556
25291
82191
25918
29732
59439
5904
63441
88554
58240
50528
50841
25435
50107
46431
62673
64412
11078
14514
19738
40953
51509
61347
56229
55537
64143
83329
69417
71093
28923
51296
66943
20666
9724
88648
42475
12437
69967
12997
71053
80937
34007
85718
58263
75565
19339
2674
2838
22970
24215
49569
48476
88205
29290
79347
17212
12104
38938
26940
88925
21282
10457
89428
56141
42576
48039
48713
31894
26344
61885
71164
14181
88138
75838
51333
6065
59975
84268
12828
36359
53391
28438
16805
72942
60488
3582
43279
85205
15275
75607
39749
32175
29129
40218
18705
13575
75100
16734
1891
57128
56838
89190
71722
15889
2579
54883
5370
79698
62173
47466
91514
14518
89083
87445
80724
34532
35552
51325
26540
9583
81561
18556
77450
36670
25275
1072
34597
20566
47728
34161
58464
45486
81632
88432
42787
79197
71763
8258
30352
62657
57268
23210
29423
67025
73762
13596
67437
45706
8558
35144
85757
4412
19539
60181
4714
37563
67210
46996
74753
22703
30890
11348
90890
78029
48947
13819
32122
60454
88807
72898
32671
28282
16039
84365
49249
91335
21982
81336
24561
79198
2690
5897
62744
64285
60861
24319
5957
70369
69495
41100
7660
81337
67724
454
76288
72852
18738
40478
66484
28935
11044
1832
16455
49949
42299
45158
6522
63346
82416
63306
55810
14647
20872
9687
10639
21898
90835
89801
30375
16792
81976
33522
43776
34937
61761
72973
75702
12897
83909
74372
27909
85369
4771
51567
66044
88955
14701
31542
41878
69104
34655
3948
45178
17450
51559
47737
75414
51808
49256
36073
59768
3025
39825
35363
63458
57042
84659
9540
50168
30143
58945
84217
35472
77725
49862
58434
6314
22370
41134
52515
63170
50380
13863
47514
73904
8776
18423
13419
3618
39544
12124
23421
64804
88729
41242
81635
10757
13524
55508
361
85407
83832
15223
70436
36106
85300
23144
81191
66998
83251
75248
2114
76634
35660
72719
31720
20540
90922
24957
40245
17447
74165
80863
31627
7176
48554
61871
9222
18958
60844
16164
53967
77833
70848
81059
19568
31447
53586
91177
5043
4046
32178
11748
48329
82209
70976
91366
6548
29382
24484
34173
13968
64281
14508
11445
30887
60887
15411
85223
5594
42505
85969
49629
64076
9680
39236
1174
80440
36314
6777
80387
90423
47148
49493
64461
69631
1949
13163
20630
8303
62978
29696
50446
19482
87883
89331
5672
13635
68233
25678
18230
9184
39378
17953
60736
17161
75611
81868
81644
65761
30104
25207
38104
63592
50459
14094
17878
17679
38319
90591
30334
41063
18872
46267
39107
34157
33426
52759
68640
47726
5050
86989
52511
12409
75244
83276
87613
12039
26089
84878
12959
31869
43029
78577
61823
27073
78731
19417
21592
1361
42334
75763
1827
39088
69145
29097
35784
76583
78817
12898
82363
8213
82194
20175
88685
76073
61988
90115
72084
30334
32465
84363
27146
35008
85444
85834
314
15805
38668
22216
40351
15712
3748
70299
52909
35042
73815
54253
7804
15755
78765
68565
56148
62397
1305
22114
643
51715
69493
15637
27253
65054
27192
5222
84900
67453
15994
26559
63004
46497
22275
66121
58858
35150
29998
724
83408
11717
42816
68556
41460
18205
49738
83552
46927
12415
21720
44362
54586
84397
15780
7442
9284
9809
36607
10351
8505
48104
79291
19598
13122
82200
62707
10631
30758
75084
25607
42245
13002
12059
491
84457
80489
24747
47115
45460
24352
1145
25374
8272
4710
2769
91141
7591
13291
10640
7687
37629
40083
6303
714
9111
80549
77567
90611
55098
30272
62552
30516
69419
12147
78639
76545
9571
84668
5098
8421
89463
33152
70764
74678
11762
48826
82480
54715
67175
19866
72575
25763
24238
10162
79651
69196
85932
35196
45912
13809
44786
90699
67824
19857
34861
73128
32747
24424
63725
77128
53244
25036
24080
65116
66471
71402
36
29279
16427
80467
52804
71738
45912
34339
7827
81963
15408
25781
16514
22693
52858
58816
14829
82081
27394
51433
67827
13609
40109
67233
77834
61204
61676
40436
8376
78462
52598
71486
90219
84888
10856
68873
881
29393
61163
5199
10061
9497
42107
38984
41036
11987
65013
6165
3140
9121
3589
84753
71147
84684
11908
3757
86294
62378
72116
62224
20558
76711
46386
80456
51028
25092
26664
16896
14877
1875
74643
59535
69550
74082
89951
15626
33861
27992
74454
23438
37502
2398
58721
3981
71437
88863
3796
4655
36639
64129
55793
180
85013
88047
45004
46561
40727
20054
68508
57405
45568
48387
81487
15923
40239
77454
60623
31678
66106
42890
86872
3876
8638
15001
27948
24488
38112
50749
6427
59447
39418
13310
65516
54774
60252
1968
45448
1538
90564
36554
11295
85812
66047
14027
3681
16236
39353
37453
3348
75609
26943
64337
66828
74128
85815
58943
37226
60479
84222
78110
27946
34137
42230
39833
67417
33352
56453
13587
47202
12838
59273
77709
71776
16824
56012
83762
89066
19584
57408
47062
84123
65471
76718
19564
17720
45777
35883
28886
52693
25126
23300
9453
25472
65861
25369
80295
64911
12639
39557
7362
68636
75505
71181
79228
15831
81110
48928
22756
48047
74853
13093
45316
24337
52756
25352
63417
49421
42603
82633
20247
69699
35384
62173
78521
53317
10036
27573
4650
69072
68590
244
52155
17556
69967
58257
65665
33785
2002
19203
58563
41173
17186
76499
14249
67629
85259
49062
84584
4518
478
84828
7501
17330
85666
52025
58453
42526
57304
30634
37436
85321
82858
63476
13546
40044
86608
90994
54998
22797
47351
1098
15373
68938
74535
47525
64021
20816
29097
21648
29463
21264
58702
5692
23443
64180
20232
76230
12190
85924
67339
35986
4135
57008
68679
29947
61481
72431
31632
15425
81556
64546
4346
59477
62057
66348
89401
22879
40403
31806
11425
848
12238
18299
64956
1232
55028
70025
17333
8071
40908
87367
40476
75561
5351
47110
41528
72602
66608
75786
76940
27193
40323
88586
49719
76739
55503
8347
58058
68646
24943
66714
86633
2013
55318
3241
89755
27633
1525
63229
80942
50020
44264
52890
9263
38654
31123
76386
4754
27613
54733
80566
14483
81062
75362
25412
85761
70807
39138
47403
30004
80877
24562
87485
25010
65072
37895
4515
60190
56178
72491
18867
15407
394
13434
36357
70788
52176
19367
17371
78696
66269
50165
25153
33200
62044
72220
46467
64469
33569
76886
36628
14118
88169
66101
25551
63955
89190
49955
72647
65931
34644
83374
11158
48059
36130
90652
50084
89463
72024
67096
8730
49168
43294
48028
315
11829
53611
59559
11645
73999
22596
15933
85983
30712
26319
3124
67894
4478
71353
25444
62997
5013
37310
65851
74066
41135
25170
46702
27550
41281
40718
86963
21409
59548
15001
56258
16493
17818
27559
64448
45942
18642
50026
66090
45930
83142
83981
47286
81919
18008
25130
70544
5209
41809
47717
78979
78293
12294
52038
20169
79079
58681
12089
72203
57465
76576
58516
65339
6479
70957
5677
58515
22422
62667
52947
79739
9769
40916
45243
6372
71916
11652
36621
10529
32072
52601
61468
9696
17408
68957
43082
6725
31004
40534
32890
29957
67125
29490
83286
39324
53648
13847
84361
80308
45642
27509
78998
76494
84938
51882
75494
52005
77063
46615
65810
7545
15399
64747
54266
39949
23437
50376
50052
12702
50138
60430
38492
9283
33706
5347
7130
87593
66389
72997
72603
13801
67130
4493
54383
68063
59840
12061
47959
2380
20354
5397
6321
11775
23999
80773
27169
11412
82422
34947
11874
86386
71710
70556
77142
57036
53046
54218
18151
63776
54159
79298
73086
71810
87607
15087
31499
18388
84747
61856
85093
68040
65369
83649
82233
17667
4110
74605
32249
13343
81021
47969
12359
88621
90249
56149
63554
29837
20957
15577
64454
51877
11954
80782
49351
52744
84243
26023
7162
39429
52388
49358
6983
52008
6378
17808
63952
86433
74313
74338
25886
33960
195
78783
51719
24198
30677
7679
24006
30887
19271
27397
74903
89638
13935
73765
85313
83771
2689
25104
35468
8658
50799
33793
75921
24996
82729
23142
61166
49714
36555
70256
72261
34777
50265
62288
6866
76077
64182
808
56442
75531
72942
77346
34870
70884
45086
81887
35403
21704
84772
28135
34749
65220
74692
18637
11655
35259
51527
45318
7919
3797
75497
34788
24111
46741
25406
64074
44003
34083
17251
61371
65239
10743
37277
1731
86877
59816
83708
29833
36399
47034
21434
88119
18095
49643
19454
64056
82861
64962
7497
33077
36815
39572
35849
69864
60802
4030
45766
48190
64541
73749
7003
67947
42163
70344
81754
22141
7666
54434
78982
21689
25829
90076
73273
2893
42237
27629
6772
84104
44964
12325
32050
43175
89088
24444
37093
69358
67554
84297
25316
80819
54767
58028
281
1743
71351
11722
71550
74083
27419
55277
23750
63953
89130
27163
52642
40597
21083
68733
89821
79423
81041
28553
76852
76239
10826
34721
80892
8621
240
61277
59219
81371
18968
68605
14156
16756
69025
42717
80742
48202
37497
68994
70876
79592
14911
23417
11167
28899
78834
27872
9137
87923
39339
31158
53533
35106
18119
61632
67183
25205
7720
89725
77749
89299
34825
77318
83156
14859
23569
66071
44584
59014
48078
63493
1555
34950
22556
39471
7956
84818
45787
27096
50439
61031
27609
40888
44003
25988
69286
53535
89066
48238
32563
47824
73297
77110
61611
85778
18796
29121
8646
11102
7943
25227
8557
18933
17780
67219
27283
89142
13825
55878
37172
57352
83775
60927
64879
34152
74376
37144
35373
3971
32070
77844
16123
57762
83222
41945
80135
82251
5837
25368
65429
55529
39366
716
86209
4757
79368
38884
79863
3197
43071
36181
86331
52338
47396
13499
27569
45249
79858
29907
26518
69985
4750
8496
84021
58526
31344
55504
26014
40839
80969
25286
70479
2626
85387
26782
13282
2165
15507
25451
39621
34823
77239
13281
53742
80628
76557
1748
71474
41919
87208
73545
173
27187
85408
9300
70488
6113
73392
14830
15512
2512
39442
44494
46619
75706
56867
48020
73333
60775
12939
55254
10089
3880
25541
41087
44922
63121
74913
11508
85037
4608
25296
46957
15524
33579
44769
10086
25034
89322
46028
45424
52065
88878
24296
8480
73750
15000
62369
87619
42175
86147
26352
74444
28331
80433
89481
73594
14091
23995
65716
8545
8359
26346
81168
49396
86675
18370
74257
31133
68608
83684
32460
60090
70652
20296
17816
9985
47715
27340
43431
69567
50630
61445
85428
34941
59952
11083
37020
78471
76062
32465
76934
36842
11498
12904
63286
58978
40319
70853
10988
51125
47715
1609
41648
75999
84077
7460
56192
52755
37922
75641
70666
73179
77805
59938
2349
49317
54814
35461
69814
81882
33653
64766
76377
28683
70281
18723
51196
78042
88621
46304
77862
66142
61917
59886
78860
65021
48103
42652
41255
85112
49314
57258
73516
19884
6967
18206
15516
73216
23137
73674
80651
65502
56714
83301
70146
21196
34978
73371
77642
15745
87300
47344
19439
1717
6516
88270
65498
5901
10525
52054
11212
24795
65025
17478
66545
87366
5767
17237
51383
8462
75694
14146
50204
34680
49057
53241
61212
21142
39465
21986
61202
43498
21733
66218
16811
84308
10567
16182
62923
71094
10599
41019
29039
83376
7068
61320
58183
66748
41002
26751
11298
82732
71083
89232
32266
17996
51763
66446
54777
79079
37708
87992
22694
55803
67934
3620
70066
20309
63797
12827
35669
77650
17474
6365
26478
19755
64254
15921
45964
73955
37855
35617
67077
22937
44412
65959
11639
72765
69221
4435
34565
2057
67558
83986
4118
78917
21651
55223
43948
79127
33816
87696
68125
10053
50743
74042
79875
88096
55408
10608
33565
61711
41688
4229
76882
27993
24144
76314
65007
62408
82264
67048
19794
75719
23638
16189
13045
63007
24811
85943
48163
20014
58225
60936
77183
34244
14914
11674
59552
53767
86915
27831
42187
46195
62292
66774
20808
37276
67435
19684
45895
41617
74294
24895
23242
50665
34541
87851
87131
88731
